FinalProject/ANA07CCTD01.cnv
* Sea-Bird SBE 9 Data File:
* FileName = C:\data\2017 ANA07C\ANA07CCTD01.hex
* Software Version Seasave V 7.23.2
* Temperature SN = 5191
* Conductivity SN = 3759
* Number of Bytes Per Scan = 37
* Number of Voltage Words = 4
* Number of Scans Averaged by the Deck Unit = 1
* NMEA Latitude = 74 33.13 S
* NMEA Longitude = 167 34.82 E
* NMEA UTC (Time) = Jan 26 2017  15:47:21
* NMEA baud rate = 4800
# nquan = 14
# nvalues = 1797                        
# units = specified
# name 0 = prDM: Pressure, Digiquartz [db]
# name 1 = t090C: Temperature [ITS-90, deg C]
# name 2 = t190C: Temperature, 2 [ITS-90, deg C]
# name 3 = c0S/m: Conductivity [S/m]
# name 4 = c1S/m: Conductivity, 2 [S/m]
# name 5 = sbeox0ML/L: Oxygen, SBE 43 [ml/l]
# name 6 = flECO-AFL: Fluorescence, WET Labs ECO-AFL/FL [mg/m^3]
# name 7 = par: PAR/Irradiance, Biospherical/Licor
# name 8 = xmiss: Beam Transmission, Chelsea/Seatech [%]
# name 9 = sal00: Salinity, Practical [PSU]
# name 10 = sal11: Salinity, Practical, 2 [PSU]
# name 11 = depSM: Depth [salt water, m], lat = -74.5522
# name 12 = nbin: number of scans per bin
# name 13 = flag: flag
# span 0 =      1.010,    912.440       
# span 1 =    -1.9405,     0.7837       
# span 2 =    -1.9402,     0.7844       
# span 3 =   2.614255,   2.896571       
# span 4 =   2.620989,   2.896633       
# span 5 =    6.65165,    8.74270       
# span 6 =    -0.0431,     0.9173       
# span 7 = 1.0222e-01, 9.5974e+01       
# span 8 =    92.3613,   102.9127       
# span 9 =    30.6158,    34.8311       
# span 10 =    30.6781,    34.8315      
# span 11 =      1.000,    901.000      
# span 12 =         12,        142      
# span 13 = 0.0000e+00, 0.0000e+00      
# interval = meters: 1                  
# start_time = Jan 26 2017 15:47:21 [NMEA time, header]
# bad_flag = -9.990e-29
*END*
[from data line 207]
    214.332    -1.9102    -1.9100   2.733489   2.733534    6.88320    -0.0115 1.0227e-01   102.1880    34.7560    34.7564    212.000         41 0.0000e+00
    215.344    -1.9138    -1.9135   2.733253   2.733274    6.88189    -0.0076 1.0227e-01   102.1971    34.7563    34.7562    213.000         43 0.0000e+00
    216.355    -1.9241    -1.9233   2.732485   2.732533    6.85942    -0.0113 1.0229e-01   102.1996    34.7570    34.7567    214.000         41 0.0000e+00
    217.367    -1.9276    -1.9273   2.732243   2.732287    6.86504    -0.0115 1.0228e-01   102.1903    34.7571    34.7573    215.000         35 0.0000e+00
    218.378    -1.9287    -1.9283   2.732204   2.732242    6.86556    -0.0168 1.0228e-01   102.2048    34.7571    34.7572    216.000         31 0.0000e+00
    219.390    -1.9303    -1.9299   2.732111   2.732166    6.85674    -0.0188 1.0227e-01   102.1622    34.7570    34.7573    217.000         34 0.0000e+00
    220.401    -1.9311    -1.9311   2.732094   2.732100    6.87039    -0.0116 1.0227e-01   102.2357    34.7571    34.7572    218.000         41 0.0000e+00
    221.413    -1.9339    -1.9331   2.731907   2.732000    6.87198    -0.0055 1.0229e-01   102.2535    34.7571    34.7575    219.000         41 0.0000e+00
    222.424    -1.9338    -1.9338   2.731970   2.731985    6.86284    -0.0189 1.0227e-01   102.2596    34.7572    34.7574    220.000         36 0.0000e+00
    223.436    -1.9336    -1.9333   2.732022   2.732076    6.86532    -0.0188 1.0227e-01   102.2770    34.7571    34.7574    221.000         30 0.0000e+00
    224.448    -1.9335    -1.9330   2.732097   2.732163    6.85917    -0.0188 1.0228e-01   102.2956    34.7573    34.7576    222.000         26 0.0000e+00
    225.459    -1.9334    -1.9330   2.732156   2.732208    6.86588    -0.0188 1.0228e-01   102.3012    34.7574    34.7577    223.000         25 0.0000e+00
    226.471    -1.9335    -1.9332   2.732189   2.732236    6.87523    -0.0188 1.0228e-01   102.3154    34.7574    34.7577    224.000         32 0.0000e+00
    227.482    -1.9328    -1.9331   2.732285   2.732305    6.86747    -0.0156 1.0227e-01   102.3172    34.7572    34.7579    225.000         63 0.0000e+00
    228.494    -1.9333    -1.9331   2.732316   2.732351    6.86519    -0.0133 1.0228e-01   102.3262    34.7576    34.7578    226.000         32 0.0000e+00
    229.505    -1.9326    -1.9325   2.732439   2.732464    6.86904    -0.0153 1.0228e-01   102.3451    34.7578    34.7581    227.000         25 0.0000e+00
    230.517    -1.9321    -1.9318   2.732526   2.732576    6.87509    -0.0152 1.0226e-01   102.3361    34.7578    34.7582    228.000         24 0.0000e+00
    231.529    -1.9322    -1.9318   2.732562   2.732606    6.87411    -0.0143 1.0228e-01   102.3038    34.7577    34.7579    229.000         29 0.0000e+00
    232.540    -1.9319    -1.9317   2.732627   2.732669    6.86387    -0.0153 1.0228e-01   102.3303    34.7577    34.7581    230.000         49 0.0000e+00
    233.552    -1.9326    -1.9325   2.732631   2.732677    6.86374    -0.0189 1.0228e-01   102.3316    34.7579    34.7584    231.000         45 0.0000e+00
    234.564    -1.9329    -1.9327   2.732674   2.732706    6.86658    -0.0188 1.0227e-01   102.3102    34.7583    34.7584    232.000         32 0.0000e+00
    235.575    -1.9352    -1.9348   2.732553   2.732607    6.87450    -0.0164 1.0228e-01   102.3418    34.7586    34.7588    233.000         27 0.0000e+00
    236.587    -1.9364    -1.9361   2.732550   2.732589    6.88925    -0.0150 1.0228e-01   102.3623    34.7593    34.7595    234.000         27 0.0000e+00
    237.598    -1.9367    -1.9362   2.732618   2.732674    6.88269    -0.0187 1.0228e-01   102.3757    34.7600    34.7601    235.000         32 0.0000e+00
    238.610    -1.9375    -1.9375   2.732595   2.732628    6.87974    -0.0188 1.0227e-01   102.3897    34.7599    34.7604    236.000         68 0.0000e+00
    239.622    -1.9405    -1.9400   2.732435   2.732488    6.88540    -0.0216 1.0228e-01   102.4870    34.7605    34.7607    237.000         40 0.0000e+00
    240.633    -1.9405    -1.9402   2.732480   2.732527    6.87157    -0.0213 1.0228e-01   102.5196    34.7606    34.7609    238.000         27 0.0000e+00
    241.645    -1.9404    -1.9401   2.732549   2.732596    6.86662    -0.0247 1.0228e-01   102.4735    34.7607    34.7610    239.000         26 0.0000e+00
    242.657    -1.9394    -1.9391   2.732697   2.732758    6.87648    -0.0254 1.0227e-01   102.5152    34.7609    34.7615    240.000         28 0.0000e+00
    243.668    -1.9376    -1.9373   2.732907   2.732955    6.87162    -0.0219 1.0227e-01   102.4967    34.7611    34.7615    241.000         34 0.0000e+00
    244.680    -1.9357    -1.9360   2.733114   2.733141    6.86855    -0.0261 1.0226e-01   102.4709    34.7612    34.7619    242.000         50 0.0000e+00
    245.692    -1.9348    -1.9347   2.733264   2.733291    6.86191    -0.0218 1.0227e-01   102.4968    34.7615    34.7618    243.000         40 0.0000e+00
    246.703    -1.9339    -1.9334   2.733392   2.733465    6.86574    -0.0217 1.0226e-01   102.4618    34.7617    34.7621    244.000         31 0.0000e+00
    247.715    -1.9320    -1.9317   2.733593   2.733647    6.86065    -0.0200 1.0228e-01   102.4456    34.7616    34.7620    245.000         32 0.0000e+00
    248.727    -1.9302    -1.9301   2.733807   2.733849    6.86315    -0.0187 1.0228e-01   102.4766    34.7619    34.7623    246.000         37 0.0000e+00
    249.738    -1.9291    -1.9289   2.734017   2.734064    6.86487    -0.0181 1.0227e-01   102.5001    34.7628    34.7632    247.000         39 0.0000e+00
    250.750    -1.9280    -1.9278   2.734193   2.734241    6.85879    -0.0188 1.0228e-01   102.4806    34.7633    34.7638    248.000         36 0.0000e+00
    251.762    -1.9267    -1.9266   2.734375   2.734430    6.86175    -0.0188 1.0226e-01   102.5002    34.7638    34.7643    249.000         40 0.0000e+00
    252.774    -1.9260    -1.9258   2.734506   2.734559    6.85580    -0.0188 1.0228e-01   102.4885    34.7640    34.7646    250.000         42 0.0000e+00
    253.785    -1.9256    -1.9253   2.734607   2.734656    6.85020    -0.0184 1.0227e-01   102.4850    34.7643    34.7647    251.000         35 0.0000e+00
    254.797    -1.9246    -1.9243   2.734760   2.734816    6.84455    -0.0134 1.0227e-01   102.4156    34.7647    34.7651    252.000         29 0.0000e+00
    255.809    -1.9239    -1.9236   2.734895   2.734939    6.85296    -0.0189 1.0228e-01   102.4693    34.7651    34.7654    253.000         26 0.0000e+00
    256.820    -1.9238    -1.9235   2.734967   2.735018    6.85114    -0.0188 1.0228e-01   102.4519    34.7653    34.7657    254.000         27 0.0000e+00
    257.832    -1.9241    -1.9238   2.734998   2.735054    6.86408    -0.0188 1.0228e-01   102.4143    34.7654    34.7659    255.000         44 0.0000e+00
    258.844    -1.9230    -1.9228   2.735145   2.735206    6.85150    -0.0073 1.0227e-01   102.4055    34.7656    34.7662    256.000         62 0.0000e+00
    259.856    -1.9206    -1.9203   2.735430   2.735489    6.84319    -0.0192 1.0228e-01   102.3838    34.7661    34.7666    257.000         32 0.0000e+00
    260.867    -1.9179    -1.9177   2.735721   2.735771    6.84884    -0.0188 1.0228e-01   102.4039    34.7664    34.7669    258.000         27 0.0000e+00
    261.879    -1.9176    -1.9172   2.735805   2.735861    6.83825    -0.0076 1.0228e-01   102.3368    34.7666    34.7669    259.000         30 0.0000e+00
    262.891    -1.9168    -1.9165   2.735925   2.735988    6.83398    -0.0185 1.0228e-01   102.4040    34.7666    34.7672    260.000         42 0.0000e+00
    263.903    -1.9147    -1.9145   2.736166   2.736223    6.83079    -0.0188 1.0228e-01   102.4247    34.7669    34.7675    261.000         43 0.0000e+00
    264.914    -1.9142    -1.9139   2.736274   2.736329    6.83350    -0.0088 1.0226e-01   102.4164    34.7672    34.7676    262.000         35 0.0000e+00
    265.926    -1.9142    -1.9138   2.736347   2.736396    6.84279    -0.0158 1.0226e-01   102.4197    34.7675    34.7678    263.000         30 0.0000e+00
    266.938    -1.9142    -1.9139   2.736393   2.736441    6.84818    -0.0160 1.0226e-01   102.4268    34.7676    34.7679    264.000         26 0.0000e+00
    267.950    -1.9147    -1.9143   2.736412   2.736458    6.85178    -0.0188 1.0226e-01   102.3949    34.7677    34.7680    265.000         27 0.0000e+00
    268.962    -1.9158    -1.9157   2.736377   2.736417    6.85825    -0.0126 1.0227e-01   102.4064    34.7679    34.7684    266.000         49 0.0000e+00
    269.973    -1.9184    -1.9183   2.736249   2.736292    6.86451    -0.0130 1.0227e-01   102.4581    34.7685    34.7690    267.000         62 0.0000e+00
    270.985    -1.9183    -1.9180   2.736375   2.736428    6.85385    -0.0190 1.0227e-01   102.4707    34.7695    34.7699    268.000         31 0.0000e+00
    271.997    -1.9157    -1.9155   2.736679   2.736725    6.85713    -0.0196 1.0228e-01   102.4689    34.7700    34.7705    269.000         27 0.0000e+00
    273.009    -1.9143    -1.9140   2.736858   2.736917    6.85748    -0.0238 1.0227e-01   102.5141    34.7703    34.7707    270.000         29 0.0000e+00
    274.021    -1.9131    -1.9129   2.737017   2.737066    6.84762    -0.0231 1.0228e-01   102.5041    34.7704    34.7709    271.000         40 0.0000e+00
    275.032    -1.9126    -1.9124   2.737113   2.737166    6.85139    -0.0187 1.0226e-01   102.5173    34.7706    34.7710    272.000         40 0.0000e+00
    276.044    -1.9120    -1.9117   2.737226   2.737273    6.84973    -0.0188 1.0228e-01   102.5107    34.7709    34.7711    273.000         31 0.0000e+00
    277.056    -1.9115    -1.9111   2.737330   2.737379    6.86053    -0.0188 1.0228e-01   102.4857    34.7711    34.7713    274.000         25 0.0000e+00
    278.068    -1.9114    -1.9111   2.737395   2.737450    6.86612    -0.0188 1.0228e-01   102.4706    34.7712    34.7716    275.000         25 0.0000e+00
    279.080    -1.9117    -1.9115   2.737416   2.737460    6.85306    -0.0188 1.0228e-01   102.5020    34.7711    34.7716    276.000         50 0.0000e+00
    280.092    -1.9123    -1.9122   2.737419   2.737464    6.85541    -0.0178 1.0228e-01   102.5044    34.7713    34.7717    277.000         32 0.0000e+00
    281.103    -1.9131    -1.9128   2.737445   2.737493    6.86993    -0.0127 1.0226e-01   102.4830    34.7719    34.7722    278.000         23 0.0000e+00
    282.115    -1.9128    -1.9124   2.737547   2.737600    6.86999    -0.0188 1.0228e-01   102.4759    34.7724    34.7727    279.000         20 0.0000e+00
    283.127    -1.9126    -1.9123   2.737621   2.737667    6.87308    -0.0188 1.0228e-01   102.4849    34.7725    34.7728    280.000         21 0.0000e+00
    284.139    -1.9124    -1.9121   2.737714   2.737767    6.87081    -0.0188 1.0226e-01   102.5128    34.7729    34.7733    281.000         24 0.0000e+00
    285.151    -1.9120    -1.9116   2.737804   2.737859    6.87904    -0.0188 1.0228e-01   102.5114    34.7731    34.7733    282.000         30 0.0000e+00
    286.163    -1.9115    -1.9112   2.737907   2.737962    6.88308    -0.0188 1.0228e-01   102.5073    34.7733    34.7737    283.000         37 0.0000e+00
    287.175    -1.9113    -1.9109   2.737958   2.738043    6.86651    -0.0163 1.0227e-01   102.4905    34.7730    34.7739    284.000         64 0.0000e+00
    288.186    -1.9109    -1.9106   2.738079   2.738134    6.87870    -0.0190 1.0227e-01   102.0858    34.7737    34.7741    285.000         38 0.0000e+00
    289.198    -1.9105    -1.9102   2.738173   2.738237    6.89779    -0.0188 1.0226e-01   102.4727    34.7739    34.7744    286.000         23 0.0000e+00
    290.210    -1.9094    -1.9091   2.738379   2.738433    6.90690    -0.0188 1.0228e-01   102.4943    34.7748    34.7752    287.000         21 0.0000e+00
    291.222    -1.9087    -1.9084   2.738540   2.738581    6.90497    -0.0188 1.0228e-01   102.5193    34.7756    34.7758    288.000         20 0.0000e+00
    292.234    -1.9087    -1.9084   2.738575   2.738638    6.90096    -0.0188 1.0228e-01   102.5214    34.7754    34.7760    289.000         25 0.0000e+00
    293.246    -1.9086    -1.9084   2.738621   2.738681    6.90692    -0.0188 1.0227e-01   102.5229    34.7754    34.7760    290.000         45 0.0000e+00
    294.258    -1.9086    -1.9083   2.738686   2.738742    6.90749    -0.0188 1.0228e-01   102.5233    34.7755    34.7760    291.000         49 0.0000e+00
    295.270    -1.9083    -1.9081   2.738776   2.738823    6.89597    -0.0188 1.0226e-01   102.5221    34.7759    34.7763    292.000         39 0.0000e+00
    296.282    -1.9083    -1.9081   2.738830   2.738878    6.88230    -0.0188 1.0226e-01   102.5559    34.7759    34.7763    293.000         49 0.0000e+00
    297.294    -1.9082    -1.9080   2.738886   2.738945    6.90130    -0.0188 1.0228e-01   102.5417    34.7760    34.7765    294.000         36 0.0000e+00
    298.306    -1.9080    -1.9077   2.738978   2.739026    6.91688    -0.0188 1.0225e-01   102.5827    34.7764    34.7767    295.000         26 0.0000e+00
    299.317    -1.9078    -1.9075   2.739045   2.739102    6.91501    -0.0188 1.0228e-01   102.5636    34.7764    34.7768    296.000         25 0.0000e+00
    300.329    -1.9075    -1.9072   2.739129   2.739177    6.92002    -0.0159 1.0228e-01   102.5605    34.7766    34.7769    297.000         33 0.0000e+00
    301.341    -1.9071    -1.9069   2.739218   2.739271    6.93732    -0.0176 1.0227e-01   102.5469    34.7767    34.7772    298.000         54 0.0000e+00
    302.353    -1.9067    -1.9065   2.739322   2.739379    6.94062    -0.0189 1.0228e-01   102.5800    34.7771    34.7777    299.000         43 0.0000e+00
    303.365    -1.9064    -1.9061   2.739454   2.739511    6.92253    -0.0253 1.0228e-01   102.5809    34.7780    34.7784    300.000         33 0.0000e+00
    304.377    -1.9063    -1.9060   2.739534   2.739589    6.93213    -0.0262 1.0228e-01   102.5998    34.7783    34.7787    301.000         29 0.0000e+00
    305.389    -1.9063    -1.9059   2.739587   2.739645    6.92749    -0.0219 1.0228e-01   102.5837    34.7784    34.7788    302.000         29 0.0000e+00
    306.401    -1.9062    -1.9059   2.739640   2.739697    6.92133    -0.0239 1.0226e-01   102.6020    34.7784    34.7788    303.000         33 0.0000e+00
    307.413    -1.9061    -1.9059   2.739704   2.739757    6.92159    -0.0189 1.0226e-01   102.5650    34.7785    34.7790    304.000         46 0.0000e+00
    308.425    -1.9059    -1.9056   2.739791   2.739844    6.92757    -0.0188 1.0227e-01   102.6177    34.7788    34.7793    305.000         40 0.0000e+00
    309.437    -1.9059    -1.9056   2.739846   2.739897    6.93696    -0.0188 1.0227e-01   102.6290    34.7789    34.7793    306.000         33 0.0000e+00
    310.449    -1.9057    -1.9055   2.739913   2.739959    6.92468    -0.0188 1.0228e-01   102.6155    34.7790    34.7794    307.000         45 0.0000e+00
    311.461    -1.9056    -1.9054   2.739967   2.740023    6.92144    -0.0188 1.0225e-01   102.6009    34.7790    34.7795    308.000         43 0.0000e+00
    312.473    -1.9056    -1.9052   2.740036   2.740100    6.91434    -0.0188 1.0228e-01   102.6472    34.7793    34.7797    309.000         25 0.0000e+00
    313.485    -1.9055    -1.9050   2.740116   2.740170    6.92267    -0.0188 1.0228e-01   102.6370    34.7796    34.7799    310.000         20 0.0000e+00
    314.497    -1.9054    -1.9051   2.740163   2.740225    6.93164    -0.0188 1.0228e-01   102.6312    34.7796    34.7800    311.000         21 0.0000e+00
    315.509    -1.9052    -1.9050   2.740248   2.740301    6.92938    -0.0239 1.0228e-01   102.6247    34.7799    34.7804    312.000         31 0.0000e+00
    316.521    -1.9051    -1.9049   2.740309   2.740372    6.92621    -0.0160 1.0227e-01   102.6123    34.7799    34.7806    313.000         47 0.0000e+00
