FinalProject/ANA07CCTD76.cnv
* Sea-Bird SBE 9 Data File:
* FileName = C:\data\2017 ANA07C\ANA07CCTD76.hex
* Software Version Seasave V 7.23.2
* Temperature SN = 6019
* Conductivity SN = 4415
* Number of Bytes Per Scan = 37
* Number of Voltage Words = 4
* Number of Scans Averaged by the Deck Unit = 1
* NMEA Latitude = 74 53.56 S
* NMEA Longitude = 165 05.31 E
* NMEA UTC (Time) = Feb 15 2017  15:48:28
* NMEA baud rate = 4800
# nquan = 17                                
# nvalues = 2328                        
# units = specified
# name 0 = scan: Scan Count
# name 1 = timeS: Time, Elapsed [seconds]
# name 2 = latitude: Latitude [deg]
# name 3 = longitude: Longitude [deg]
# name 4 = prDM: Pressure, Digiquartz [db]
# name 5 = t090C: Temperature [ITS-90, deg C]
# name 6 = t190C: Temperature, 2 [ITS-90, deg C]
# name 7 = c0mS/cm: Conductivity [mS/cm]
# name 8 = c1S/m: Conductivity, 2 [S/m]
# name 9 = sbeox0ML/L: Oxygen, SBE 43 [ml/l]
# name 10 = flECO-AFL: Fluorescence, WET Labs ECO-AFL/FL [mg/m^3]
# name 11 = par: PAR/Irradiance, Biospherical/Licor
# name 12 = xmiss: Beam Transmission, Chelsea/Seatech [%]
# name 13 = sal00: Salinity, Practical [PSU]
# name 14 = sal11: Salinity, Practical, 2 [PSU]
# name 15 = depSM: Depth [salt water, m], lat = -74.8927
# name 16 = flag: flag
# span 0 =          1,       2328       
# span 1 =      0.000,     96.958       
# span 2 =  -74.89280,  -74.89266       
# span 3 =  165.08850,  165.08870       
# span 4 =      0.632,     13.456       
# span 5 =    -1.6212,     0.4861       
# span 6 =    -1.6135,     1.1249       
# span 7 =   1.058966,  29.280512       
# span 8 =   1.579307,   3.005418       
# span 9 =     6.4496,     8.5694       
# span 10 =     1.1357,     1.3663      
# span 11 = 1.5370e+00, 2.2016e+01      
# span 12 =    84.7364,    90.8503      
# span 13 =     1.0649,    37.0978      
# span 14 =    18.9458,    37.7112      
# span 15 =      0.625,     13.316      
# span 16 = 0.0000e+00, 0.0000e+00      
# interval = seconds: 0.0416667
# start_time = Feb 15 2017 15:48:28 [NMEA time, header]
# bad_flag = -9.990e-29
*END*
[from data line 596]
        597     24.833  -74.89280  165.08858      1.348    -0.8615    -0.2646   3.613445   2.972082     7.4592     1.2632 1.2433e+01    90.4025     3.7995    36.2257      1.334 -9.990e-29
        598     24.875  -74.89280  165.08858      1.329    -0.8267    -0.2098   3.856471   2.973050     7.4324     1.2632 1.2562e+01    90.4016     4.0672    36.1735      1.315 -9.990e-29
        599     24.917  -74.89280  165.08858      1.310    -0.7973    -0.1662   4.053667   2.973775     7.4076     1.2632 1.2728e+01    90.4014     4.2847    36.1314      1.296 -9.990e-29
        600     24.958  -74.89280  165.08858      1.290    -0.7718    -0.1419   4.116355   2.974197     7.3940     1.2632 1.2894e+01    90.4014     4.3516    36.1083      1.277 -9.990e-29
        601     25.000  -74.89280  165.08858      1.269    -0.7495    -0.1569   3.983741   2.974280     7.3947     1.2632 1.3054e+01    90.4014     4.1993    36.1272      1.256 -9.990e-29
        602     25.042  -74.89280  165.08858      1.248    -0.7324    -0.2138   3.726430   2.974063     7.4041     1.2632 1.3220e+01    90.4014     3.9090    36.1919      1.235 -9.990e-29
        603     25.083  -74.89280  165.08858      1.228    -0.7246    -0.2745   3.472581   2.973666     7.4140     1.2632 1.3372e+01    90.4014     3.6256    36.2589      1.215 -9.990e-29
        604     25.125  -74.89280  165.08858      1.207    -0.7390    -0.3085   3.288264   2.973148     7.4250     1.2632 1.3472e+01    90.4014     3.4231    36.2925      1.194 -9.990e-29
        605     25.167  -74.89280  165.08858      1.185    -0.7920    -0.3475   3.185401   2.972385     7.4419     1.2632 1.3503e+01    90.4016     3.3153    36.3289      1.173 -9.990e-29
        606     25.208  -74.89280  165.08858      1.163    -0.8717    -0.4436   3.138218   2.971214     7.4624     1.2631 1.3492e+01    90.4028     3.2720    36.4283      1.151 -9.990e-29
        607     25.250  -74.89280  165.08858      1.141    -0.9469    -0.5909   3.085592   2.969646     7.4811     1.2629 1.3440e+01    90.4091     3.2219    36.5848      1.129 -9.990e-29
        608     25.292  -74.89280  165.08858      1.120    -1.0061    -0.7418   2.998291   2.967777     7.4967     1.2613 1.3288e+01    90.4197     3.1314    36.7426      1.108 -9.990e-29
        609     25.333  -74.89280  165.08858      1.099    -1.0522    -0.8611   2.897260   2.965652     7.5111     1.2529 1.3068e+01    90.4255     3.0243    36.8593      1.088 -9.990e-29
        610     25.375  -74.89280  165.08858      1.078    -1.0915    -0.9352   2.805234   2.963333     7.5236     1.2335 1.2856e+01    90.4241     2.9264    36.9184      1.067 -9.990e-29
        611     25.417  -74.89280  165.08858      1.059    -1.1347    -0.9773   2.712291   2.960926     7.5361     1.2127 1.2664e+01    90.4102     2.8279    36.9370      1.048 -9.990e-29
        612     25.458  -74.89280  165.08858      1.040    -1.1816    -1.0232   2.596716   2.958548     7.5537     1.2013 1.2519e+01    90.3560     2.7046    36.9607      1.029 -9.990e-29
        613     25.500  -74.89280  165.08858      1.022    -1.2153    -1.0918   2.480697   2.956316     7.5699     1.1984 1.2451e+01    90.2296     2.5798    37.0145      1.011 -9.990e-29
        614     25.542  -74.89280  165.08858      1.004    -1.2239    -1.1713   2.413247   2.954356     7.5745     1.1995 1.2452e+01    90.0710     2.5063    37.0858      0.994 -9.990e-29
        615     25.583  -74.89280  165.08858      0.986    -1.2216    -1.2466   2.408344   2.952726     7.5707     1.2021 1.2524e+01    89.9699     2.5008    37.1567      0.976 -9.990e-29
        616     25.625  -74.89280  165.08858      0.968    -1.2312    -1.3091   2.437187   2.951369     7.5672     1.2021 1.2694e+01    89.9387     2.5333    37.2157      0.958 -9.990e-29
        617     25.667  -74.89280  165.08858      0.950    -1.2600    -1.3536   2.466592   2.950245     7.5695     1.1995 1.2980e+01    89.9342     2.5681    37.2555      0.940 -9.990e-29
        618     25.708  -74.89280  165.08858      0.934    -1.3007    -1.3813   2.488890   2.949493     7.5769     1.1981 1.3363e+01    89.9393     2.5963    37.2797      0.924 -9.990e-29
        619     25.750  -74.89280  165.08858      0.919    -1.3415    -1.3973   2.516262   2.949180     7.5838     1.1995 1.3778e+01    89.9488     2.6302    37.2954      0.909 -9.990e-29
        620     25.792  -74.89280  165.08856      0.903    -1.3746    -1.4068   2.554342   2.949083     7.5871     1.2024 1.4195e+01    89.9496     2.6753    37.3059      0.894 -9.990e-29
        621     25.833  -74.89280  165.08856      0.888    -1.3983    -1.4143   2.602066   2.948921     7.5886     1.2039 1.4626e+01    89.9444     2.7305    37.3130      0.879 -9.990e-29
        622     25.875  -74.89280  165.08856      0.874    -1.4150    -1.4231   2.664815   2.948573     7.5889     1.2027 1.5041e+01    89.9385     2.8019    37.3192      0.865 -9.990e-29
        623     25.917  -74.89280  165.08856      0.859    -1.4283    -1.4336   2.745441   2.948055     7.5875     1.2013 1.5362e+01    89.9338     2.8931    37.3251      0.850 -9.990e-29
        624     25.958  -74.89280  165.08856      0.844    -1.4384    -1.4432   2.839381   2.947453     7.5849     1.2010 1.5505e+01    89.9372     2.9992    37.3288      0.835 -9.990e-29
        625     26.000  -74.89280  165.08856      0.830    -1.4435    -1.4506   2.940324   2.946843     7.5810     1.2010 1.5457e+01    89.9370     3.1129    37.3295      0.821 -9.990e-29
        626     26.042  -74.89280  165.08856      0.817    -1.4441    -1.4551   3.041457   2.946249     7.5744     1.2011 1.5286e+01    89.9326     3.2267    37.3268      0.809 -9.990e-29
        627     26.083  -74.89280  165.08856      0.804    -1.4435    -1.4555   3.136206   2.945667     7.5657     1.2013 1.5054e+01    89.9320     3.3334    37.3192      0.796 -9.990e-29
        628     26.125  -74.89280  165.08856      0.794    -1.4442    -1.4535   3.218833   2.945094     7.5572     1.2028 1.4776e+01    89.9328     3.4268    37.3087      0.786 -9.990e-29
        629     26.167  -74.89280  165.08856      0.783    -1.4466    -1.4525   3.287739   2.944496     7.5502     1.2043 1.4479e+01    89.9379     3.5050    37.2991      0.775 -9.990e-29
        630     26.208  -74.89280  165.08856      0.772    -1.4511    -1.4536   3.344767   2.943819     7.5458     1.2046 1.4238e+01    89.9423     3.5702    37.2910      0.764 -9.990e-29
        631     26.250  -74.89280  165.08856      0.761    -1.4568    -1.4554   3.388262   2.943038     7.5424     1.2046 1.4184e+01    89.9379     3.6203    37.2823      0.753 -9.990e-29
        632     26.292  -74.89280  165.08856      0.750    -1.4613    -1.4561   3.413542   2.942191     7.5384     1.2047 1.4387e+01    89.9084     3.6495    37.2713      0.742 -9.990e-29
        633     26.333  -74.89280  165.08856      0.740    -1.4629    -1.4563   3.414269   2.941333     7.5368     1.2050 1.4766e+01    89.8169     3.6506    37.2596      0.732 -9.990e-29
        634     26.375  -74.89280  165.08856      0.732    -1.4629    -1.4572   3.386113   2.940520     7.5405     1.2068 1.5128e+01    89.6872     3.6186    37.2493      0.724 -9.990e-29
        635     26.417  -74.89280  165.08856      0.724    -1.4636    -1.4595   3.335626   2.939802     7.5479     1.2097 1.5377e+01    89.5951     3.5614    37.2421      0.716 -9.990e-29
        636     26.458  -74.89280  165.08856      0.715    -1.4655    -1.4629   3.289742   2.939170     7.5526     1.2115 1.5605e+01    89.5619     3.5096    37.2375      0.708 -9.990e-29
        637     26.500  -74.89280  165.08856      0.707    -1.4683    -1.4666   3.275491   2.938594     7.5524     1.2119 1.5908e+01    89.5610     3.4938    37.2341      0.700 -9.990e-29
        638     26.542  -74.89280  165.08856      0.699    -1.4714    -1.4694   3.277601   2.938058     7.5501     1.2119 1.6291e+01    89.5653     3.4965    37.2301      0.692 -9.990e-29
        639     26.583  -74.89280  165.08856      0.692    -1.4742    -1.4708   3.261178   2.937539     7.5487     1.2119 1.6669e+01    89.5660     3.4782    37.2246      0.685 -9.990e-29
        640     26.625  -74.89280  165.08856      0.685    -1.4766    -1.4709   3.213442   2.937020     7.5509     1.2119 1.7232e+01    89.5659     3.4245    37.2175      0.678 -9.990e-29
        641     26.667  -74.89280  165.08856      0.679    -1.4785    -1.4706   3.134387   2.936516     7.5566     1.2119 1.8460e+01    89.5648     3.3353    37.2100      0.672 -9.990e-29
        642     26.708  -74.89280  165.08856      0.674    -1.4796    -1.4702   3.030691   2.936027     7.5643     1.2119 2.0285e+01    89.5585     3.2184    37.2027      0.667 -9.990e-29
        643     26.750  -74.89280  165.08856      0.669    -1.4803    -1.4700   2.917289   2.935534     7.5729     1.2118 2.1835e+01    89.5481     3.0909    37.1955      0.662 -9.990e-29
        644     26.792  -74.89280  165.08856      0.664    -1.4806    -1.4700   2.808154   2.935041     7.5798     1.2116 2.2016e+01    89.5429     2.9684    37.1886      0.657 -9.990e-29
        645     26.833  -74.89280  165.08856      0.660    -1.4810    -1.4705   2.707903   2.934562     7.5860     1.2101 2.0724e+01    89.5481     2.8563    37.1826      0.653 -9.990e-29
        646     26.875  -74.89280  165.08856      0.655    -1.4815    -1.4728   2.616555   2.934100     7.5930     1.2089 1.9326e+01    89.5585     2.7544    37.1790      0.648 -9.990e-29
        647     26.917  -74.89280  165.08856      0.650    -1.4821    -1.4777   2.534687   2.933657     7.5994     1.2098 1.9063e+01    89.5648     2.6632    37.1789      0.643 -9.990e-29
        648     26.958  -74.89280  165.08856      0.646    -1.4827    -1.4841   2.463250   2.933253     7.6046     1.2098 1.9549e+01    89.5659     2.5839    37.1812      0.639 -9.990e-29
        649     27.000  -74.89280  165.08856      0.643    -1.4836    -1.4904   2.405746   2.932894     7.6075     1.2088 1.9796e+01    89.5662     2.5202    37.1841      0.636 -9.990e-29
        650     27.042  -74.89280  165.08856      0.640    -1.4845    -1.4958   2.365368   2.932579     7.6097     1.2101 1.9871e+01    89.5662     2.4755    37.1864      0.633 -9.990e-29
        651     27.083  -74.89280  165.08856      0.637    -1.4853    -1.4996   2.341267   2.932305     7.6125     1.2116 2.0115e+01    89.5665     2.4489    37.1873      0.630 -9.990e-29
        652     27.125  -74.89280  165.08856      0.635    -1.4858    -1.5013   2.327528   2.932057     7.6149     1.2119 2.0338e+01    89.5676     2.4337    37.1860      0.628 -9.990e-29
        653     27.167  -74.89280  165.08856      0.633    -1.4862    -1.5011   2.317834   2.931816     7.6158     1.2119 2.0457e+01    89.5742     2.4231    37.1824      0.626 -9.990e-29
        654     27.208  -74.89280  165.08856      0.632    -1.4863    -1.5000   2.312633   2.931574     7.6167     1.2120 2.0523e+01    89.5860     2.4173    37.1776      0.625 -9.990e-29
        655     27.250  -74.89280  165.08856      0.632    -1.4863    -1.4992   2.318867   2.931332     7.6186     1.2127 2.0515e+01    89.5986     2.4242    37.1732      0.625 -9.990e-29
        656     27.292  -74.89280  165.08856      0.633    -1.4862    -1.4998   2.340352   2.931107     7.6204     1.2162 2.0466e+01    89.6104     2.4480    37.1708      0.626 -9.990e-29
        657     27.333  -74.89280  165.08856      0.633    -1.4861    -1.5023   2.372536   2.930895     7.6230     1.2222 2.0459e+01    89.6169     2.4836    37.1709      0.626 -9.990e-29
        658     27.375  -74.89280  165.08856      0.634    -1.4861    -1.5061   2.410101   2.930678     7.6257     1.2258 2.0467e+01    89.6179     2.5252    37.1727      0.627 -9.990e-29
        659     27.417  -74.89280  165.08856      0.635    -1.4860    -1.5102   2.452211   2.930456     7.6268     1.2264 2.0391e+01    89.6172     2.5719    37.1747      0.628 -9.990e-29
        660     27.458  -74.89280  165.08856      0.637    -1.4859    -1.5136   2.500815   2.930256     7.6256     1.2266 2.0277e+01    89.6120     2.6259    37.1761      0.630 -9.990e-29
        661     27.500  -74.89280  165.08856      0.642    -1.4860    -1.5161   2.561472   2.930094     7.6240     1.2266 2.0291e+01    89.6075     2.6934    37.1770      0.635 -9.990e-29
        662     27.542  -74.89280  165.08856      0.651    -1.4863    -1.5180   2.640100   2.929954     7.6247     1.2266 2.0419e+01    89.6108     2.7811    37.1774      0.644 -9.990e-29
        663     27.583  -74.89280  165.08856      0.658    -1.4867    -1.5198   2.735945   2.929823     7.6234     1.2266 2.0413e+01    89.6098     2.8882    37.1778      0.651 -9.990e-29
        664     27.625  -74.89280  165.08856      0.663    -1.4871    -1.5219   2.840841   2.929710     7.6201     1.2266 2.0121e+01    89.6014     3.0058    37.1788      0.656 -9.990e-29
        665     27.667  -74.89280  165.08856      0.669    -1.4876    -1.5240   2.945502   2.929629     7.6192     1.2266 1.9178e+01    89.6025     3.1234    37.1803      0.662 -9.990e-29
        666     27.708  -74.89280  165.08856      0.676    -1.4884    -1.5258   3.033626   2.929579     7.6198     1.2266 1.7267e+01    89.6173     3.2227    37.1819      0.669 -9.990e-29
        667     27.750  -74.89280  165.08856      0.684    -1.4893    -1.5276   3.080212   2.929569     7.6222     1.2266 1.5166e+01    89.6277     3.2753    37.1840      0.677 -9.990e-29
        668     27.792  -74.89280  165.08856      0.692    -1.4902    -1.5296   3.062466   2.929623     7.6283     1.2266 1.3911e+01    89.6245     3.2554    37.1872      0.685 -9.990e-29
        669     27.833  -74.89280  165.08856      0.700    -1.4911    -1.5320   2.972790   2.929770     7.6383     1.2266 1.3576e+01    89.6195     3.1545    37.1923      0.693 -9.990e-29
        670     27.875  -74.89280  165.08856      0.708    -1.4918    -1.5343   2.840064   2.930034     7.6508     1.2266 1.3732e+01    89.6186     3.0054    37.1989      0.701 -9.990e-29
        671     27.917  -74.89280  165.08856      0.718    -1.4925    -1.5361   2.704265   2.930416     7.6638     1.2266 1.4028e+01    89.6184     2.8533    37.2065      0.711 -9.990e-29
        672     27.958  -74.89280  165.08856      0.728    -1.4932    -1.5375   2.582904   2.930900     7.6763     1.2266 1.4178e+01    89.6184     2.7179    37.2150      0.720 -9.990e-29
        673     28.000  -74.89280  165.08856      0.737    -1.4939    -1.5383   2.478167   2.931472     7.6881     1.2266 1.4151e+01    89.6430     2.6014    37.2240      0.729 -9.990e-29
        674     28.042  -74.89280  165.08856      0.747    -1.4945    -1.5388   2.387808   2.932104     7.6992     1.2266 1.4174e+01    89.7104     2.5012    37.2335      0.739 -9.990e-29
        675     28.083  -74.89280  165.08856      0.756    -1.4948    -1.5389   2.310546   2.932763     7.7090     1.2266 1.4329e+01    89.7799     2.4157    37.2429      0.748 -9.990e-29
        676     28.125  -74.89280  165.08856      0.766    -1.4946    -1.5389   2.248027   2.933416     7.7155     1.2266 1.4502e+01    89.8193     2.3466    37.2520      0.758 -9.990e-29
        677     28.167  -74.89280  165.08856      0.774    -1.4939    -1.5385   2.201001   2.934041     7.7188     1.2266 1.4586e+01    89.8292     2.2947    37.2603      0.766 -9.990e-29
        678     28.208  -74.89280  165.08856      0.782    -1.4927    -1.5377   2.164799   2.934610     7.7238     1.2266 1.4570e+01    89.8224     2.2547    37.2673      0.774 -9.990e-29
        679     28.250  -74.89280  165.08856      0.792    -1.4907    -1.5365   2.136360   2.935095     7.7329     1.2266 1.4486e+01    89.8219     2.2233    37.2726      0.784 -9.990e-29
        680     28.292  -74.89280  165.08856      0.802    -1.4875    -1.5352   2.117526   2.935481     7.7401     1.2266 1.4400e+01    89.8263     2.2023    37.2764      0.794 -9.990e-29
