FinalProject/ANA07CCTD01.cnv
* Sea-Bird SBE 9 Data File:
* FileName = C:\data\2017 ANA07C\ANA07CCTD01.hex
* Software Version Seasave V 7.23.2
* Temperature SN = 5191
* Conductivity SN = 3759
* Number of Bytes Per Scan = 37
* Number of Voltage Words = 4
* Number of Scans Averaged by the Deck Unit = 1
* NMEA Latitude = 74 33.13 S
* NMEA Longitude = 167 34.82 E
* NMEA UTC (Time) = Jan 26 2017  15:47:21
* NMEA baud rate = 4800
# nquan = 14
# nvalues = 1797                        
# units = specified
# name 0 = prDM: Pressure, Digiquartz [db]
# name 1 = t090C: Temperature [ITS-90, deg C]
# name 2 = t190C: Temperature, 2 [ITS-90, deg C]
# name 3 = c0S/m: Conductivity [S/m]
# name 4 = c1S/m: Conductivity, 2 [S/m]
# name 5 = sbeox0ML/L: Oxygen, SBE 43 [ml/l]
# name 6 = flECO-AFL: Fluorescence, WET Labs ECO-AFL/FL [mg/m^3]
# name 7 = par: PAR/Irradiance, Biospherical/Licor
# name 8 = xmiss: Beam Transmission, Chelsea/Seatech [%]
# name 9 = sal00: Salinity, Practical [PSU]
# name 10 = sal11: Salinity, Practical, 2 [PSU]
# name 11 = depSM: Depth [salt water, m], lat = -74.5522
# name 12 = nbin: number of scans per bin
# name 13 = flag: flag
# span 0 =      1.010,    912.440       
# span 1 =    -1.9405,     0.7837       
# span 2 =    -1.9402,     0.7844       
# span 3 =   2.614255,   2.896571       
# span 4 =   2.620989,   2.896633       
# span 5 =    6.65165,    8.74270       
# span 6 =    -0.0431,     0.9173       
# span 7 = 1.0222e-01, 9.5974e+01       
# span 8 =    92.3613,   102.9127       
# span 9 =    30.6158,    34.8311       
# span 10 =    30.6781,    34.8315      
# span 11 =      1.000,    901.000      
# span 12 =         12,        142      
# span 13 = 0.0000e+00, 0.0000e+00      
# interval = meters: 1                  
# start_time = Jan 26 2017 15:47:21 [NMEA time, header]
# bad_flag = -9.990e-29
*END*
[from data line 723]
    736.934    -1.8921    -1.8917   2.763690   2.763764    6.96068    -0.0369 1.0228e-01   102.8184    34.8268    34.8273    728.000         19 0.0000e+00
    737.948    -1.8921    -1.8917   2.763740   2.763816    6.95509    -0.0363 1.0228e-01   102.8282    34.8268    34.8274    729.000         18 0.0000e+00
    738.962    -1.8920    -1.8915   2.763801   2.763868    6.95603    -0.0411 1.0226e-01   102.8300    34.8269    34.8273    730.000         16 0.0000e+00
    739.976    -1.8919    -1.8914   2.763859   2.763919    6.95678    -0.0418 1.0226e-01   102.8310    34.8269    34.8272    731.000         16 0.0000e+00
    740.990    -1.8918    -1.8913   2.763901   2.763968    6.96265    -0.0408 1.0228e-01   102.8194    34.8268    34.8272    732.000         17 0.0000e+00
    742.005    -1.8918    -1.8913   2.763947   2.764011    6.96020    -0.0412 1.0228e-01   102.8611    34.8268    34.8271    733.000         18 0.0000e+00
    743.019    -1.8919    -1.8914   2.763988   2.764051    6.95318    -0.0412 1.0228e-01   102.8765    34.8268    34.8272    734.000         20 0.0000e+00
    744.033    -1.8918    -1.8913   2.764035   2.764104    6.95265    -0.0417 1.0228e-01   102.8591    34.8268    34.8271    735.000         21 0.0000e+00
    745.047    -1.8916    -1.8911   2.764102   2.764161    6.95851    -0.0346 1.0228e-01   102.8444    34.8268    34.8271    736.000         20 0.0000e+00
    746.061    -1.8915    -1.8911   2.764149   2.764219    6.95387    -0.0335 1.0228e-01   102.8633    34.8268    34.8273    737.000         19 0.0000e+00
    747.075    -1.8915    -1.8910   2.764196   2.764265    6.95303    -0.0369 1.0228e-01   102.8574    34.8268    34.8272    738.000         17 0.0000e+00
    748.089    -1.8915    -1.8910   2.764250   2.764316    6.95217    -0.0408 1.0228e-01   102.8356    34.8269    34.8273    739.000         18 0.0000e+00
    749.103    -1.8914    -1.8909   2.764304   2.764375    6.95902    -0.0336 1.0228e-01   102.8308    34.8270    34.8274    740.000         19 0.0000e+00
    750.117    -1.8915    -1.8910   2.764358   2.764426    6.96644    -0.0403 1.0226e-01   102.8327    34.8272    34.8275    741.000         19 0.0000e+00
    751.131    -1.8914    -1.8909   2.764403   2.764485    6.96704    -0.0408 1.0226e-01   102.8253    34.8271    34.8277    742.000         18 0.0000e+00
    752.146    -1.8913    -1.8909   2.764451   2.764531    6.97396    -0.0417 1.0228e-01   102.8428    34.8271    34.8276    743.000         17 0.0000e+00
    753.160    -1.8914    -1.8909   2.764497   2.764573    6.97681    -0.0413 1.0228e-01   102.8452    34.8271    34.8276    744.000         16 0.0000e+00
    754.174    -1.8914    -1.8909   2.764547   2.764614    6.96399    -0.0345 1.0228e-01   102.8596    34.8272    34.8276    745.000         16 0.0000e+00
    755.188    -1.8914    -1.8909   2.764592   2.764659    6.95500    -0.0378 1.0228e-01   102.8664    34.8273    34.8275    746.000         17 0.0000e+00
    756.202    -1.8914    -1.8909   2.764633   2.764706    6.96150    -0.0416 1.0228e-01   102.8839    34.8272    34.8276    747.000         19 0.0000e+00
    757.216    -1.8914    -1.8909   2.764676   2.764749    6.96471    -0.0409 1.0229e-01   102.8811    34.8271    34.8276    748.000         21 0.0000e+00
    758.231    -1.8914    -1.8910   2.764716   2.764788    6.96105    -0.0414 1.0228e-01   102.8685    34.8270    34.8275    749.000         23 0.0000e+00
    759.245    -1.8914    -1.8909   2.764763   2.764836    6.95670    -0.0408 1.0228e-01   102.8700    34.8270    34.8276    750.000         22 0.0000e+00
    760.259    -1.8914    -1.8910   2.764806   2.764881    6.94066    -0.0408 1.0228e-01   102.8643    34.8271    34.8276    751.000         20 0.0000e+00
    761.273    -1.8914    -1.8909   2.764861   2.764925    6.94356    -0.0408 1.0228e-01   102.8751    34.8272    34.8275    752.000         18 0.0000e+00
    762.287    -1.8913    -1.8908   2.764925   2.764996    6.95162    -0.0408 1.0228e-01   102.8946    34.8273    34.8277    753.000         18 0.0000e+00
    763.301    -1.8912    -1.8908   2.764975   2.765049    6.94386    -0.0408 1.0228e-01   102.8797    34.8273    34.8278    754.000         18 0.0000e+00
    764.316    -1.8912    -1.8907   2.765015   2.765096    6.94968    -0.0408 1.0228e-01   102.8616    34.8272    34.8278    755.000         18 0.0000e+00
    765.330    -1.8911    -1.8907   2.765076   2.765153    6.96830    -0.0408 1.0228e-01   102.8618    34.8273    34.8279    756.000         18 0.0000e+00
    766.344    -1.8911    -1.8907   2.765127   2.765193    6.96910    -0.0408 1.0226e-01   102.8807    34.8274    34.8278    757.000         18 0.0000e+00
    767.358    -1.8911    -1.8906   2.765178   2.765248    6.95763    -0.0408 1.0228e-01   102.8915    34.8274    34.8278    758.000         17 0.0000e+00
    768.372    -1.8910    -1.8906   2.765230   2.765295    6.94916    -0.0408 1.0228e-01   102.8774    34.8275    34.8279    759.000         18 0.0000e+00
    769.387    -1.8910    -1.8906   2.765266   2.765346    6.95104    -0.0408 1.0226e-01   102.8814    34.8274    34.8280    760.000         19 0.0000e+00
    770.401    -1.8911    -1.8905   2.765317   2.765395    6.94600    -0.0408 1.0228e-01   102.8628    34.8275    34.8279    761.000         19 0.0000e+00
    771.415    -1.8910    -1.8904   2.765368   2.765440    6.94811    -0.0408 1.0228e-01   102.8742    34.8275    34.8279    762.000         17 0.0000e+00
    772.429    -1.8909    -1.8905   2.765419   2.765488    6.95923    -0.0408 1.0228e-01   102.8773    34.8275    34.8279    763.000         16 0.0000e+00
    773.444    -1.8909    -1.8903   2.765460   2.765530    6.96331    -0.0408 1.0228e-01   102.8715    34.8274    34.8278    764.000         14 0.0000e+00
    774.458    -1.8910    -1.8905   2.765499   2.765558    6.96216    -0.0408 1.0228e-01   102.8801    34.8274    34.8277    765.000         18 0.0000e+00
    775.472    -1.8909    -1.8906   2.765530   2.765601    6.94888    -0.0408 1.0228e-01   102.8897    34.8272    34.8278    766.000         29 0.0000e+00
    776.486    -1.8909    -1.8905   2.765581   2.765647    6.94611    -0.0408 1.0228e-01   102.8842    34.8272    34.8277    767.000         27 0.0000e+00
    777.501    -1.8909    -1.8905   2.765636   2.765702    6.94815    -0.0408 1.0228e-01   102.9081    34.8274    34.8278    768.000         21 0.0000e+00
    778.515    -1.8908    -1.8904   2.765692   2.765765    6.95892    -0.0408 1.0228e-01   102.9031    34.8275    34.8280    769.000         18 0.0000e+00
    779.529    -1.8909    -1.8905   2.765737   2.765799    6.96267    -0.0408 1.0228e-01   102.8995    34.8275    34.8279    770.000         19 0.0000e+00
    780.543    -1.8910    -1.8905   2.765772   2.765840    6.95537    -0.0408 1.0228e-01   102.8991    34.8275    34.8279    771.000         20 0.0000e+00
    781.558    -1.8910    -1.8904   2.765826   2.765901    6.94865    -0.0408 1.0228e-01   102.6508    34.8277    34.8280    772.000         21 0.0000e+00
    782.572    -1.8910    -1.8905   2.765877   2.765956    6.94722    -0.0408 1.0228e-01   102.7395    34.8278    34.8282    773.000         22 0.0000e+00
    783.586    -1.8911    -1.8906   2.765920   2.765995    6.94711    -0.0408 1.0228e-01   102.8867    34.8278    34.8283    774.000         22 0.0000e+00
    784.600    -1.8909    -1.8905   2.765969   2.766040    6.96057    -0.0408 1.0228e-01   102.9113    34.8277    34.8282    775.000         21 0.0000e+00
    785.615    -1.8910    -1.8906   2.766015   2.766087    6.95750    -0.0408 1.0228e-01   102.8976    34.8277    34.8283    776.000         20 0.0000e+00
    786.629    -1.8911    -1.8907   2.766052   2.766124    6.94756    -0.0408 1.0228e-01   102.8943    34.8278    34.8283    777.000         19 0.0000e+00
    787.643    -1.8911    -1.8906   2.766103   2.766171    6.95286    -0.0408 1.0228e-01   102.8886    34.8279    34.8283    778.000         16 0.0000e+00
    788.658    -1.8910    -1.8907   2.766157   2.766211    6.94980    -0.0408 1.0228e-01   102.8920    34.8278    34.8283    779.000         14 0.0000e+00
    789.672    -1.8909    -1.8906   2.766202   2.766273    6.95508    -0.0408 1.0228e-01   102.8941    34.8278    34.8285    780.000         14 0.0000e+00
    790.686    -1.8908    -1.8906   2.766253   2.766307    6.96318    -0.0408 1.0228e-01   102.8809    34.8278    34.8283    781.000         12 0.0000e+00
    791.701    -1.8910    -1.8906   2.766277   2.766342    6.96074    -0.0408 1.0228e-01   102.8921    34.8276    34.8281    782.000         13 0.0000e+00
    792.715    -1.8911    -1.8906   2.766311   2.766376    6.96018    -0.0408 1.0228e-01   102.8980    34.8277    34.8280    783.000         14 0.0000e+00
    793.729    -1.8913    -1.8908   2.766335   2.766414    6.95961    -0.0408 1.0228e-01   102.9035    34.8276    34.8281    784.000         18 0.0000e+00
    794.744    -1.8913    -1.8908   2.766382   2.766449    6.95360    -0.0408 1.0228e-01   102.8944    34.8277    34.8280    785.000         23 0.0000e+00
    795.758    -1.8913    -1.8908   2.766425   2.766484    6.95393    -0.0408 1.0228e-01   102.8584    34.8276    34.8279    786.000         22 0.0000e+00
    796.772    -1.8912    -1.8908   2.766473   2.766541    6.95976    -0.0413 1.0228e-01   102.8862    34.8276    34.8280    787.000         19 0.0000e+00
    797.787    -1.8913    -1.8908   2.766525   2.766596    6.94355    -0.0353 1.0228e-01   102.8667    34.8277    34.8281    788.000         18 0.0000e+00
    798.801    -1.8912    -1.8907   2.766584   2.766651    6.94096    -0.0377 1.0228e-01   102.8576    34.8278    34.8282    789.000         19 0.0000e+00
    799.815    -1.8912    -1.8907   2.766625   2.766692    6.94416    -0.0392 1.0228e-01   102.8948    34.8277    34.8282    790.000         18 0.0000e+00
    800.830    -1.8912    -1.8908   2.766671   2.766743    6.94627    -0.0333 1.0228e-01   102.8939    34.8278    34.8283    791.000         18 0.0000e+00
    801.844    -1.8912    -1.8907   2.766727   2.766786    6.95491    -0.0335 1.0228e-01   102.8876    34.8279    34.8282    792.000         18 0.0000e+00
    802.859    -1.8911    -1.8907   2.766776   2.766841    6.96256    -0.0387 1.0226e-01   102.8721    34.8279    34.8283    793.000         17 0.0000e+00
    803.873    -1.8911    -1.8906   2.766823   2.766895    6.96906    -0.0409 1.0224e-01   102.8403    34.8279    34.8283    794.000         18 0.0000e+00
    804.887    -1.8911    -1.8906   2.766864   2.766931    6.95396    -0.0420 1.0227e-01   102.8890    34.8279    34.8282    795.000         18 0.0000e+00
    805.902    -1.8912    -1.8907   2.766907   2.766983    6.95012    -0.0408 1.0228e-01   102.8839    34.8279    34.8284    796.000         17 0.0000e+00
    806.916    -1.8912    -1.8907   2.766950   2.767032    6.95985    -0.0412 1.0228e-01   102.8966    34.8279    34.8285    797.000         17 0.0000e+00
    807.930    -1.8912    -1.8907   2.767001   2.767068    6.96403    -0.0408 1.0228e-01   102.8909    34.8280    34.8284    798.000         16 0.0000e+00
    808.945    -1.8913    -1.8908   2.767030   2.767106    6.96738    -0.0408 1.0228e-01   102.8841    34.8279    34.8284    799.000         15 0.0000e+00
    809.959    -1.8913    -1.8909   2.767074   2.767153    6.94900    -0.0408 1.0228e-01   102.8995    34.8279    34.8285    800.000         18 0.0000e+00
    810.974    -1.8914    -1.8909   2.767117   2.767184    6.94127    -0.0408 1.0227e-01   102.8705    34.8280    34.8283    801.000         19 0.0000e+00
    811.988    -1.8911    -1.8906   2.767186   2.767257    6.95682    -0.0408 1.0227e-01   102.8876    34.8280    34.8284    802.000         21 0.0000e+00
    813.003    -1.8910    -1.8905   2.767242   2.767308    6.95326    -0.0393 1.0226e-01   102.8815    34.8280    34.8284    803.000         20 0.0000e+00
    814.017    -1.8909    -1.8905   2.767296   2.767359    6.95359    -0.0335 1.0228e-01   102.8850    34.8280    34.8284    804.000         20 0.0000e+00
    815.031    -1.8909    -1.8903   2.767345   2.767413    6.94882    -0.0336 1.0228e-01   102.9080    34.8280    34.8284    805.000         20 0.0000e+00
    816.046    -1.8908    -1.8903   2.767398   2.767467    6.94854    -0.0407 1.0228e-01   102.8932    34.8281    34.8284    806.000         19 0.0000e+00
    817.060    -1.8907    -1.8903   2.767439   2.767509    6.94080    -0.0419 1.0226e-01   102.8823    34.8280    34.8284    807.000         20 0.0000e+00
    818.075    -1.8907    -1.8902   2.767494   2.767570    6.95106    -0.0417 1.0228e-01   102.8636    34.8280    34.8285    808.000         18 0.0000e+00
    819.089    -1.8906    -1.8902   2.767552   2.767610    6.95125    -0.0408 1.0228e-01   102.8860    34.8281    34.8285    809.000         18 0.0000e+00
    820.104    -1.8910    -1.8905   2.767560   2.767624    6.94131    -0.0408 1.0228e-01   102.8887    34.8281    34.8284    810.000         17 0.0000e+00
    821.118    -1.8911    -1.8907   2.767607   2.767670    6.93973    -0.0408 1.0228e-01   102.8972    34.8282    34.8286    811.000         18 0.0000e+00
    822.133    -1.8913    -1.8907   2.767641   2.767712    6.94421    -0.0408 1.0228e-01   102.8948    34.8283    34.8286    812.000         18 0.0000e+00
    823.147    -1.8913    -1.8907   2.767684   2.767755    6.95598    -0.0408 1.0228e-01   102.8843    34.8282    34.8286    813.000         17 0.0000e+00
    824.162    -1.8912    -1.8907   2.767739   2.767803    6.96267    -0.0408 1.0228e-01   102.8912    34.8283    34.8286    814.000         17 0.0000e+00
    825.176    -1.8912    -1.8907   2.767772   2.767848    6.94689    -0.0408 1.0226e-01   102.8904    34.8282    34.8287    815.000         19 0.0000e+00
    826.191    -1.8911    -1.8907   2.767817   2.767892    6.94768    -0.0408 1.0228e-01   102.8922    34.8281    34.8286    816.000         21 0.0000e+00
    827.205    -1.8910    -1.8905   2.767883   2.767946    6.95494    -0.0408 1.0228e-01   102.8854    34.8282    34.8285    817.000         19 0.0000e+00
    828.220    -1.8909    -1.8905   2.767936   2.768000    6.95647    -0.0408 1.0228e-01   102.8977    34.8282    34.8286    818.000         18 0.0000e+00
    829.234    -1.8911    -1.8907   2.767957   2.768021    6.95134    -0.0408 1.0228e-01   102.8898    34.8282    34.8285    819.000         17 0.0000e+00
    830.249    -1.8913    -1.8908   2.768001   2.768065    6.95405    -0.0408 1.0228e-01   102.8852    34.8283    34.8286    820.000         19 0.0000e+00
    831.263    -1.8913    -1.8909   2.768042   2.768110    6.95779    -0.0408 1.0228e-01   102.9016    34.8283    34.8287    821.000         18 0.0000e+00
    832.278    -1.8914    -1.8908   2.768088   2.768162    6.95515    -0.0408 1.0228e-01   102.9115    34.8284    34.8288    822.000         17 0.0000e+00
    833.292    -1.8915    -1.8910   2.768125   2.768204    6.95831    -0.0408 1.0228e-01   102.9091    34.8284    34.8289    823.000         18 0.0000e+00
    834.307    -1.8916    -1.8910   2.768168   2.768231    6.94740    -0.0408 1.0228e-01   102.9006    34.8285    34.8287    824.000         22 0.0000e+00
    835.321    -1.8915    -1.8910   2.768207   2.768281    6.94836    -0.0408 1.0226e-01   102.8781    34.8284    34.8287    825.000         23 0.0000e+00
    836.336    -1.8914    -1.8910   2.768264   2.768342    6.95462    -0.0408 1.0228e-01   102.8858    34.8284    34.8289    826.000         22 0.0000e+00
    837.350    -1.8913    -1.8908   2.768318   2.768392    6.95071    -0.0408 1.0228e-01   102.8810    34.8284    34.8288    827.000         18 0.0000e+00
    838.365    -1.8912    -1.8908   2.768378   2.768441    6.95014    -0.0408 1.0228e-01   102.8951    34.8285    34.8289    828.000         18 0.0000e+00
    839.379    -1.8912    -1.8907   2.768425   2.768490    6.95540    -0.0408 1.0228e-01   102.8995    34.8285    34.8288    829.000         19 0.0000e+00
