FinalProject/ANA07CCTD76.cnv
* Sea-Bird SBE 9 Data File:
* FileName = C:\data\2017 ANA07C\ANA07CCTD76.hex
* Software Version Seasave V 7.23.2
* Temperature SN = 6019
* Conductivity SN = 4415
* Number of Bytes Per Scan = 37
* Number of Voltage Words = 4
* Number of Scans Averaged by the Deck Unit = 1
* NMEA Latitude = 74 53.56 S
* NMEA Longitude = 165 05.31 E
* NMEA UTC (Time) = Feb 15 2017  15:48:28
* NMEA baud rate = 4800
# nquan = 17                                
# nvalues = 2328                        
# units = specified
# name 0 = scan: Scan Count
# name 1 = timeS: Time, Elapsed [seconds]
# name 2 = latitude: Latitude [deg]
# name 3 = longitude: Longitude [deg]
# name 4 = prDM: Pressure, Digiquartz [db]
# name 5 = t090C: Temperature [ITS-90, deg C]
# name 6 = t190C: Temperature, 2 [ITS-90, deg C]
# name 7 = c0mS/cm: Conductivity [mS/cm]
# name 8 = c1S/m: Conductivity, 2 [S/m]
# name 9 = sbeox0ML/L: Oxygen, SBE 43 [ml/l]
# name 10 = flECO-AFL: Fluorescence, WET Labs ECO-AFL/FL [mg/m^3]
# name 11 = par: PAR/Irradiance, Biospherical/Licor
# name 12 = xmiss: Beam Transmission, Chelsea/Seatech [%]
# name 13 = sal00: Salinity, Practical [PSU]
# name 14 = sal11: Salinity, Practical, 2 [PSU]
# name 15 = depSM: Depth [salt water, m], lat = -74.8927
# name 16 = flag: flag
# span 0 =          1,       2328       
# span 1 =      0.000,     96.958       
# span 2 =  -74.89280,  -74.89266       
# span 3 =  165.08850,  165.08870       
# span 4 =      0.632,     13.456       
# span 5 =    -1.6212,     0.4861       
# span 6 =    -1.6135,     1.1249       
# span 7 =   1.058966,  29.280512       
# span 8 =   1.579307,   3.005418       
# span 9 =     6.4496,     8.5694       
# span 10 =     1.1357,     1.3663      
# span 11 = 1.5370e+00, 2.2016e+01      
# span 12 =    84.7364,    90.8503      
# span 13 =     1.0649,    37.0978      
# span 14 =    18.9458,    37.7112      
# span 15 =      0.625,     13.316      
# span 16 = 0.0000e+00, 0.0000e+00      
# interval = seconds: 0.0416667
# start_time = Feb 15 2017 15:48:28 [NMEA time, header]
# bad_flag = -9.990e-29
*END*
[from data line 1447]
       1448     60.292  -74.89280  165.08866      4.688    -1.5999     0.3959   3.757347   2.894541     7.5124     1.1897 6.4919e+00    90.4935     4.0603    34.4289      4.639 -9.990e-29
       1449     60.333  -74.89280  165.08866      4.704    -1.6002     0.3895   4.225426   2.894198     7.4787     1.1896 6.4852e+00    90.4978     4.6010    34.4315      4.655 -9.990e-29
       1450     60.375  -74.89280  165.08866      4.720    -1.6002     0.3816   4.655204   2.893861     7.4500     1.1882 6.4776e+00    90.4969     5.1016    34.4359      4.671 -9.990e-29
       1451     60.417  -74.89280  165.08866      4.735    -1.6003     0.3725   5.056002   2.893529     7.4237     1.1866 6.4616e+00    90.4872     5.5717    34.4418      4.686 -9.990e-29
       1452     60.458  -74.89280  165.08866      4.751    -1.6003     0.3625   5.486184   2.893196     7.3931     1.1864 6.4403e+00    90.4813     6.0797    34.4486      4.702 -9.990e-29
       1453     60.500  -74.89280  165.08866      4.769    -1.6003     0.3517   5.965672   2.892869     7.3590     1.1866 6.4181e+00    90.4811     6.6496    34.4564      4.719 -9.990e-29
       1454     60.542  -74.89280  165.08866      4.788    -1.6002     0.3401   6.384229   2.892546     7.3297     1.1881 6.3957e+00    90.4861     7.1502    34.4651      4.738 -9.990e-29
       1455     60.583  -74.89280  165.08866      4.806    -1.6002     0.3279   6.414848   2.892226     7.3231     1.1897 6.3728e+00    90.4904     7.1869    34.4746      4.756 -9.990e-29
       1456     60.625  -74.89280  165.08866      4.821    -1.6001     0.3152   5.856019   2.891907     7.3510     1.1899 6.3463e+00    90.4860     6.5189    34.4846      4.771 -9.990e-29
       1457     60.667  -74.89280  165.08866      4.836    -1.6001     0.3021   5.012268   2.891576     7.3972     1.1897 6.3206e+00    90.4807     5.5202    34.4950      4.786 -9.990e-29
       1458     60.708  -74.89280  165.08866      4.851    -1.6001     0.2890   4.295104   2.891236     7.4369     1.1882 6.3023e+00    90.4788     4.6819    34.5052      4.801 -9.990e-29
       1459     60.750  -74.89280  165.08866      4.866    -1.6001     0.2763   3.809988   2.890891     7.4626     1.1870 6.2848e+00    90.4738     4.1209    34.5149      4.815 -9.990e-29
       1460     60.792  -74.89278  165.08866      4.880    -1.5999     0.2643   3.494272   2.890539     7.4783     1.1882 6.2638e+00    90.4709     3.7586    34.5238      4.829 -9.990e-29
       1461     60.833  -74.89278  165.08866      4.895    -1.5995     0.2537   3.282000   2.890187     7.4867     1.1893 6.2422e+00    90.4841     3.5164    34.5311      4.844 -9.990e-29
       1462     60.875  -74.89278  165.08866      4.909    -1.5988     0.2451   3.132855   2.889838     7.4900     1.1878 6.2206e+00    90.5138     3.3469    34.5361      4.858 -9.990e-29
       1463     60.917  -74.89278  165.08866      4.924    -1.5980     0.2384   3.023708   2.889495     7.4918     1.1852 6.1991e+00    90.5489     3.2232    34.5391      4.873 -9.990e-29
       1464     60.958  -74.89278  165.08866      4.940    -1.5971     0.2334   2.942433   2.889155     7.4918     1.1854 6.1777e+00    90.5745     3.1313    34.5403      4.889 -9.990e-29
       1465     61.000  -74.89278  165.08866      4.955    -1.5965     0.2299   2.880763   2.888821     7.4893     1.1889 6.1570e+00    90.5887     3.0616    34.5398      4.903 -9.990e-29
       1466     61.042  -74.89278  165.08866      4.970    -1.5960     0.2276   2.827584   2.888508     7.4870     1.1951 6.1399e+00    90.5956     3.0017    34.5382      4.918 -9.990e-29
       1467     61.083  -74.89278  165.08866      4.985    -1.5959     0.2261   2.773278   2.888214     7.4844     1.2071 6.1224e+00    90.5969     2.9406    34.5360      4.933 -9.990e-29
       1468     61.125  -74.89278  165.08866      4.998    -1.5960     0.2247   2.717381   2.887934     7.4807     1.2215 6.0984e+00    90.5971     2.8778    34.5339      4.946 0.0000e+00
       1469     61.167  -74.89278  165.08866      5.011    -1.5962     0.2231   2.666699   2.887659     7.4781     1.2304 6.0780e+00    90.5971     2.8210    34.5321      4.959 0.0000e+00
       1470     61.208  -74.89278  165.08866      5.025    -1.5965     0.2213   2.627335   2.887391     7.4772     1.2333 6.0637e+00    90.5973     2.7769    34.5306      4.973 0.0000e+00
       1471     61.250  -74.89278  165.08866      5.039    -1.5969     0.2193   2.601138   2.887124     7.4763     1.2338 6.0417e+00    90.5980     2.7476    34.5293      4.987 0.0000e+00
       1472     61.292  -74.89278  165.08866      5.054    -1.5974     0.2173   2.586909   2.886864     7.4735     1.2339 6.0080e+00    90.6023     2.7318    34.5281      5.001 0.0000e+00
       1473     61.333  -74.89278  165.08866      5.068    -1.5979     0.2152   2.583552   2.886623     7.4686     1.2339 5.9737e+00    90.6014     2.7281    34.5273      5.015 0.0000e+00
       1474     61.375  -74.89278  165.08866      5.082    -1.5984     0.2129   2.591953   2.886382     7.4636     1.2339 5.9471e+00    90.5918     2.7375    34.5267      5.029 0.0000e+00
       1475     61.417  -74.89278  165.08866      5.096    -1.5988     0.2105   2.612928   2.886131     7.4570     1.2339 5.9254e+00    90.5868     2.7610    34.5260      5.043 0.0000e+00
       1476     61.458  -74.89278  165.08866      5.109    -1.5992     0.2080   2.644307   2.885875     7.4466     1.2339 5.9046e+00    90.5920     2.7962    34.5255      5.056 0.0000e+00
       1477     61.500  -74.89278  165.08866      5.123    -1.5995     0.2054   2.683888   2.885611     7.4367     1.2339 5.8840e+00    90.6023     2.8406    34.5249      5.070 0.0000e+00
       1478     61.542  -74.89278  165.08866      5.136    -1.5998     0.2024   2.732139   2.885340     7.4292     1.2339 5.8627e+00    90.6076     2.8947    34.5247      5.083 0.0000e+00
       1479     61.583  -74.89278  165.08866      5.149    -1.6000     0.1988   2.792427   2.885050     7.4217     1.2339 5.8376e+00    90.6030     2.9625    34.5249      5.095 0.0000e+00
       1480     61.625  -74.89278  165.08866      5.162    -1.6001     0.1945   2.867604   2.884733     7.4139     1.2339 5.8100e+00    90.5961     3.0472    34.5255      5.108 0.0000e+00
       1481     61.667  -74.89278  165.08866      5.175    -1.6002     0.1896   2.958284   2.884391     7.4044     1.2339 5.7897e+00    90.5855     3.1495    34.5265      5.121 0.0000e+00
       1482     61.708  -74.89278  165.08866      5.188    -1.6004     0.1842   3.063621   2.884041     7.3925     1.2339 5.7770e+00    90.5555     3.2686    34.5280      5.134 0.0000e+00
       1483     61.750  -74.89278  165.08866      5.201    -1.6005     0.1784   3.185851   2.883688     7.3796     1.2339 5.7617e+00    90.5161     3.4072    34.5299      5.147 0.0000e+00
       1484     61.792  -74.89278  165.08868      5.214    -1.6005     0.1725   3.332969   2.883339     7.3664     1.2339 5.7427e+00    90.4907     3.5746    34.5319      5.160 0.0000e+00
       1485     61.833  -74.89278  165.08868      5.226    -1.6005     0.1662   3.507439   2.882982     7.3527     1.2339 5.7238e+00    90.4818     3.7737    34.5343      5.172 0.0000e+00
       1486     61.875  -74.89278  165.08868      5.238    -1.6006     0.1601   3.696889   2.882614     7.3367     1.2339 5.7088e+00    90.4810     3.9909    34.5363      5.184 0.0000e+00
       1487     61.917  -74.89278  165.08868      5.249    -1.6009     0.1543   3.885600   2.882260     7.3192     1.2341 5.6971e+00    90.4849     4.2081    34.5381      5.194 -9.990e-29
       1488     61.958  -74.89278  165.08868      5.259    -1.6011     0.1492   4.065164   2.881930     7.3019     1.2353 5.6821e+00    90.4841     4.4154    34.5395      5.204 -9.990e-29
       1489     62.000  -74.89278  165.08868      5.271    -1.6015     0.1448   4.224186   2.881607     7.2876     1.2415 5.6632e+00    90.4753     4.5997    34.5402      5.216 0.0000e+00
       1490     62.042  -74.89278  165.08868      5.284    -1.6018     0.1407   4.349210   2.881273     7.2791     1.2627 5.6438e+00    90.4745     4.7450    34.5404      5.229 0.0000e+00
       1491     62.083  -74.89278  165.08868      5.297    -1.6022     0.1365   4.444120   2.880937     7.2722     1.2952 5.6242e+00    90.4788     4.8555    34.5406      5.242 0.0000e+00
       1492     62.125  -74.89278  165.08868      5.309    -1.6029     0.1319   4.527256   2.880611     7.2634     1.3173 5.6049e+00    90.4795     4.9526    34.5415      5.254 -9.990e-29
       1493     62.167  -74.89278  165.08868      5.319    -1.6036     0.1271   4.603334   2.880295     7.2553     1.3223 5.5863e+00    90.4796     5.0415    34.5427      5.264 -9.990e-29
       1494     62.208  -74.89278  165.08868      5.329    -1.6043     0.1219   4.659949   2.879977     7.2482     1.3219 5.5716e+00    90.4795     5.1078    34.5444      5.274 -9.990e-29
       1495     62.250  -74.89278  165.08868      5.340    -1.6050     0.1164   4.686262   2.879653     7.2415     1.3218 5.5603e+00    90.4784     5.1387    34.5463      5.284 0.0000e+00
       1496     62.292  -74.89278  165.08868      5.351    -1.6057     0.1108   4.680666   2.879341     7.2373     1.3218 5.5468e+00    90.4722     5.1322    34.5485      5.295 0.0000e+00
       1497     62.333  -74.89278  165.08868      5.362    -1.6063     0.1055   4.655323   2.879042     7.2345     1.3218 5.5340e+00    90.4627     5.1027    34.5505      5.306 -9.990e-29
       1498     62.375  -74.89278  165.08868      5.372    -1.6069     0.1007   4.630261   2.878751     7.2322     1.3218 5.5285e+00    90.4627     5.0735    34.5521      5.316 -9.990e-29
       1499     62.417  -74.89278  165.08868      5.382    -1.6074     0.0965   4.614410   2.878470     7.2315     1.3218 5.5273e+00    90.4721     5.0551    34.5531      5.326 -9.990e-29
       1500     62.458  -74.89278  165.08868      5.391    -1.6079     0.0929   4.608920   2.878197     7.2299     1.3218 5.5263e+00    90.4775     5.0487    34.5535      5.335 -9.990e-29
       1501     62.500  -74.89278  165.08868      5.402    -1.6083     0.0902   4.619654   2.877935     7.2273     1.3218 5.5216e+00    90.4748     5.0614    34.5531      5.346 0.0000e+00
       1502     62.542  -74.89278  165.08868      5.413    -1.6087     0.0884   4.649455   2.877692     7.2233     1.3218 5.5137e+00    90.4782     5.0963    34.5519      5.357 -9.990e-29
       1503     62.583  -74.89278  165.08868      5.422    -1.6090     0.0875   4.689193   2.877461     7.2177     1.3218 5.5091e+00    90.5004     5.1428    34.5498      5.366 -9.990e-29
       1504     62.625  -74.89278  165.08868      5.432    -1.6092     0.0873   4.722639   2.877241     7.2137     1.3218 5.5083e+00    90.5270     5.1820    34.5471      5.376 -9.990e-29
       1505     62.667  -74.89278  165.08868      5.441    -1.6094     0.0877   4.743303   2.877039     7.2116     1.3218 5.5081e+00    90.5356     5.2062    34.5440      5.384 -9.990e-29
       1506     62.708  -74.89278  165.08868      5.450    -1.6095     0.0888   4.751122   2.876840     7.2092     1.3218 5.5081e+00    90.5335     5.2154    34.5401      5.393 -9.990e-29
       1507     62.750  -74.89278  165.08868      5.458    -1.6096     0.0905   4.739463   2.876638     7.2072     1.3218 5.5081e+00    90.5373     5.2017    34.5355      5.401 -9.990e-29
       1508     62.792  -74.89278  165.08868      5.466    -1.6098     0.0928   4.716461   2.876440     7.2091     1.3218 5.5081e+00    90.5372     5.1748    34.5303      5.409 -9.990e-29
       1509     62.833  -74.89278  165.08868      5.474    -1.6099     0.0955   4.714875   2.876253     7.2120     1.3218 5.5081e+00    90.5328     5.1730    34.5248      5.417 -9.990e-29
       1510     62.875  -74.89278  165.08868      5.482    -1.6099     0.0987   4.757378   2.876070     7.2101     1.3217 5.5083e+00    90.5321     5.2228    34.5187      5.425 -9.990e-29
       1511     62.917  -74.89278  165.08868      5.489    -1.6100     0.1021   4.832354   2.875878     7.2055     1.3212 5.5091e+00    90.5319     5.3107    34.5123      5.432 -9.990e-29
       1512     62.958  -74.89278  165.08868      5.496    -1.6100     0.1053   4.913241   2.875682     7.2003     1.3184 5.5138e+00    90.5317     5.4056    34.5061      5.439 -9.990e-29
       1513     63.000  -74.89278  165.08868      5.504    -1.6101     0.1083   4.987788   2.875493     7.1940     1.3098 5.5217e+00    90.5308     5.4932    34.5002      5.447 -9.990e-29
       1514     63.042  -74.89278  165.08868      5.512    -1.6102     0.1111   5.054012   2.875316     7.1888     1.2972 5.5265e+00    90.5256     5.5712    34.4947      5.455 -9.990e-29
       1515     63.083  -74.89278  165.08868      5.520    -1.6103     0.1137   5.095095   2.875145     7.1850     1.2886 5.5281e+00    90.5214     5.6196    34.4895      5.463 -9.990e-29
       1516     63.125  -74.89278  165.08868      5.526    -1.6104     0.1159   5.088929   2.874973     7.1827     1.2858 5.5331e+00    90.5267     5.6123    34.4848      5.469 -9.990e-29
       1517     63.167  -74.89278  165.08868      5.532    -1.6105     0.1174   5.033257   2.874805     7.1844     1.2853 5.5419e+00    90.5371     5.5468    34.4809      5.474 -9.990e-29
       1518     63.208  -74.89278  165.08868      5.538    -1.6106     0.1184   4.952672   2.874645     7.1894     1.2852 5.5512e+00    90.5424     5.4520    34.4776      5.480 -9.990e-29
       1519     63.250  -74.89278  165.08868      5.545    -1.6106     0.1192   4.879503   2.874486     7.1950     1.2852 5.5599e+00    90.5382     5.3661    34.4746      5.487 -9.990e-29
       1520     63.292  -74.89278  165.08868      5.552    -1.6107     0.1199   4.821948   2.874313     7.2005     1.2852 5.5647e+00    90.5331     5.2986    34.4715      5.494 -9.990e-29
       1521     63.333  -74.89278  165.08868      5.559    -1.6108     0.1206   4.766620   2.874134     7.2062     1.2852 5.5656e+00    90.5325     5.2338    34.4684      5.501 -9.990e-29
       1522     63.375  -74.89278  165.08868      5.566    -1.6108     0.1210   4.704871   2.873951     7.2123     1.2852 5.5658e+00    90.5343     5.1614    34.4655      5.508 -9.990e-29
       1523     63.417  -74.89278  165.08868      5.573    -1.6108     0.1209   4.632683   2.873762     7.2191     1.2852 5.5658e+00    90.5448     5.0770    34.4631      5.515 -9.990e-29
       1524     63.458  -74.89278  165.08868      5.581    -1.6108     0.1205   4.545945   2.873570     7.2250     1.2852 5.5658e+00    90.5547     4.9757    34.4610      5.523 -9.990e-29
       1525     63.500  -74.89278  165.08868      5.588    -1.6108     0.1199   4.450938   2.873390     7.2291     1.2852 5.5656e+00    90.5523     4.8649    34.4593      5.530 -9.990e-29
       1526     63.542  -74.89278  165.08868      5.593    -1.6108     0.1192   4.362357   2.873221     7.2336     1.2852 5.5648e+00    90.5526     4.7617    34.4578      5.535 -9.990e-29
       1527     63.583  -74.89278  165.08868      5.597    -1.6108     0.1182   4.292198   2.873050     7.2386     1.2852 5.5601e+00    90.5570     4.6801    34.4567      5.539 -9.990e-29
       1528     63.625  -74.89278  165.08868      5.600    -1.6108     0.1171   4.238280   2.872875     7.2421     1.2852 5.5520e+00    90.5578     4.6175    34.4556      5.542 -9.990e-29
       1529     63.667  -74.89278  165.08868      5.604    -1.6108     0.1160   4.188678   2.872693     7.2456     1.2852 5.5465e+00    90.5580     4.5600    34.4544      5.546 -9.990e-29
       1530     63.708  -74.89278  165.08868      5.609    -1.6108     0.1148   4.139720   2.872506     7.2503     1.2852 5.5410e+00    90.5580     4.5032    34.4533      5.551 -9.990e-29
       1531     63.750  -74.89278  165.08868      5.615    -1.6107     0.1135   4.101788   2.872321     7.2525     1.2852 5.5328e+00    90.5580     4.4592    34.4523      5.557 -9.990e-29
