FinalProject/ANA07CCTD76.cnv
* Sea-Bird SBE 9 Data File:
* FileName = C:\data\2017 ANA07C\ANA07CCTD76.hex
* Software Version Seasave V 7.23.2
* Temperature SN = 6019
* Conductivity SN = 4415
* Number of Bytes Per Scan = 37
* Number of Voltage Words = 4
* Number of Scans Averaged by the Deck Unit = 1
* NMEA Latitude = 74 53.56 S
* NMEA Longitude = 165 05.31 E
* NMEA UTC (Time) = Feb 15 2017  15:48:28
* NMEA baud rate = 4800
# nquan = 17                                
# nvalues = 2328                        
# units = specified
# name 0 = scan: Scan Count
# name 1 = timeS: Time, Elapsed [seconds]
# name 2 = latitude: Latitude [deg]
# name 3 = longitude: Longitude [deg]
# name 4 = prDM: Pressure, Digiquartz [db]
# name 5 = t090C: Temperature [ITS-90, deg C]
# name 6 = t190C: Temperature, 2 [ITS-90, deg C]
# name 7 = c0mS/cm: Conductivity [mS/cm]
# name 8 = c1S/m: Conductivity, 2 [S/m]
# name 9 = sbeox0ML/L: Oxygen, SBE 43 [ml/l]
# name 10 = flECO-AFL: Fluorescence, WET Labs ECO-AFL/FL [mg/m^3]
# name 11 = par: PAR/Irradiance, Biospherical/Licor
# name 12 = xmiss: Beam Transmission, Chelsea/Seatech [%]
# name 13 = sal00: Salinity, Practical [PSU]
# name 14 = sal11: Salinity, Practical, 2 [PSU]
# name 15 = depSM: Depth [salt water, m], lat = -74.8927
# name 16 = flag: flag
# span 0 =          1,       2328       
# span 1 =      0.000,     96.958       
# span 2 =  -74.89280,  -74.89266       
# span 3 =  165.08850,  165.08870       
# span 4 =      0.632,     13.456       
# span 5 =    -1.6212,     0.4861       
# span 6 =    -1.6135,     1.1249       
# span 7 =   1.058966,  29.280512       
# span 8 =   1.579307,   3.005418       
# span 9 =     6.4496,     8.5694       
# span 10 =     1.1357,     1.3663      
# span 11 = 1.5370e+00, 2.2016e+01      
# span 12 =    84.7364,    90.8503      
# span 13 =     1.0649,    37.0978      
# span 14 =    18.9458,    37.7112      
# span 15 =      0.625,     13.316      
# span 16 = 0.0000e+00, 0.0000e+00      
# interval = seconds: 0.0416667
# start_time = Feb 15 2017 15:48:28 [NMEA time, header]
# bad_flag = -9.990e-29
*END*
[from data line 426]
        427     17.750  -74.89280  165.08856      1.227    -1.5428    -1.5339  16.415277   2.917823     6.5918     1.3129 1.3294e+01    89.4354    19.7445    37.0267      1.214 -9.990e-29
        428     17.792  -74.89280  165.08856      1.222    -1.5434    -1.5354  16.385022   2.919446     6.6136     1.3142 1.3025e+01    89.4342    19.7054    37.0513      1.209 -9.990e-29
        429     17.833  -74.89280  165.08856      1.218    -1.5439    -1.5364  16.308848   2.921356     6.6389     1.3145 1.2734e+01    89.4275    19.6064    37.0794      1.205 -9.990e-29
        430     17.875  -74.89280  165.08856      1.213    -1.5446    -1.5369  16.193049   2.923521     6.6657     1.3145 1.2459e+01    89.4143    19.4558    37.1104      1.200 -9.990e-29
        431     17.917  -74.89280  165.08856      1.208    -1.5454    -1.5370  16.054728   2.925875     6.6932     1.3145 1.2237e+01    89.3944    19.2761    37.1435      1.195 -9.990e-29
        432     17.958  -74.89280  165.08856      1.202    -1.5462    -1.5365  15.911720   2.928324     6.7223     1.3145 1.2080e+01    89.3667    19.0904    37.1773      1.190 -9.990e-29
        433     18.000  -74.89280  165.08856      1.195    -1.5468    -1.5354  15.778331   2.930769     6.7527     1.3145 1.1995e+01    89.3495    18.9173    37.2102      1.183 -9.990e-29
        434     18.042  -74.89280  165.08856      1.189    -1.5472    -1.5338  15.673172   2.933153     6.7838     1.3145 1.1981e+01    89.3516    18.7809    37.2417      1.177 -9.990e-29
        435     18.083  -74.89280  165.08856      1.183    -1.5476    -1.5320  15.621905   2.935380     6.8140     1.3145 1.2020e+01    89.3563    18.7145    37.2707      1.171 -9.990e-29
        436     18.125  -74.89280  165.08856      1.177    -1.5478    -1.5300  15.630125   2.937239     6.8403     1.3145 1.2105e+01    89.3571    18.7254    37.2942      1.165 -9.990e-29
        437     18.167  -74.89280  165.08856      1.169    -1.5480    -1.5277  15.659555   2.938575     6.8643     1.3145 1.2237e+01    89.3571    18.7637    37.3101      1.157 -9.990e-29
        438     18.208  -74.89280  165.08856      1.161    -1.5481    -1.5242  15.652887   2.939508     6.8905     1.3145 1.2434e+01    89.3561    18.7551    37.3188      1.149 -9.990e-29
        439     18.250  -74.89280  165.08856      1.153    -1.5481    -1.5172  15.531696   2.940327     6.9248     1.3145 1.2713e+01    89.3499    18.5977    37.3215      1.141 -9.990e-29
        440     18.292  -74.89280  165.08856      1.145    -1.5475    -1.5051  14.997725   2.941257     6.9863     1.3145 1.3050e+01    89.3404    17.9054    37.3194      1.133 -9.990e-29
        441     18.333  -74.89280  165.08856      1.136    -1.5450    -1.4890  13.246734   2.942379     7.1268     1.3145 1.3411e+01    89.3402    15.6528    37.3149      1.124 -9.990e-29
        442     18.375  -74.89280  165.08856      1.128    -1.5402    -1.4701  10.098849   2.943652     7.3579     1.3145 1.3768e+01    89.3486    11.6779    37.3091      1.116 -9.990e-29
        443     18.417  -74.89280  165.08856      1.120    -1.5345    -1.4480   6.949055   2.944970     7.5895     1.3145 1.4093e+01    89.3486     7.8133    37.2998      1.108 -9.990e-29
        444     18.458  -74.89280  165.08856      1.111    -1.5294    -1.4198   4.936716   2.946206     7.7493     1.3145 1.4381e+01    89.3401     5.4189    37.2818      1.099 -9.990e-29
        445     18.500  -74.89280  165.08856      1.100    -1.5244    -1.3836   3.889411   2.947278     7.8489     1.3145 1.4644e+01    89.3404     4.2019    37.2515      1.089 -9.990e-29
        446     18.542  -74.89280  165.08856      1.089    -1.5181    -1.3420   3.326496   2.948212     7.9174     1.3145 1.4874e+01    89.3499     3.5576    37.2126      1.078 -9.990e-29
        447     18.583  -74.89280  165.08856      1.078    -1.5100    -1.3014   2.984852   2.949059     7.9709     1.3145 1.5068e+01    89.3561     3.1700    37.1738      1.067 -9.990e-29
        448     18.625  -74.89280  165.08856      1.069    -1.5014    -1.2662   2.754865   2.949844     8.0153     1.3145 1.5222e+01    89.3573     2.9108    37.1409      1.058 -9.990e-29
        449     18.667  -74.89280  165.08856      1.059    -1.4939    -1.2372   2.588955   2.950571     8.0539     1.3145 1.5325e+01    89.3582     2.7247    37.1150      1.048 -9.990e-29
        450     18.708  -74.89280  165.08856      1.049    -1.4879    -1.2133   2.464313   2.951246     8.0895     1.3145 1.5362e+01    89.3621     2.5855    37.0947      1.038 -9.990e-29
        451     18.750  -74.89280  165.08856      1.038    -1.4831    -1.1927   2.370677   2.951876     8.1232     1.3145 1.5325e+01    89.3832     2.4812    37.0779      1.027 -9.990e-29
        452     18.792  -74.89280  165.08856      1.028    -1.4788    -1.1734   2.306476   2.952436     8.1561     1.3145 1.5225e+01    89.4278     2.4099    37.0617      1.017 -9.990e-29
        453     18.833  -74.89280  165.08856      1.018    -1.4749    -1.1542   2.270176   2.952880     8.1883     1.3145 1.5087e+01    89.4670     2.3695    37.0441      1.007 -9.990e-29
        454     18.875  -74.89280  165.08856      1.008    -1.4710    -1.1357   2.252841   2.953185     8.2160     1.3145 1.4930e+01    89.4768     2.3500    37.0255      0.998 -9.990e-29
        455     18.917  -74.89280  165.08856      1.000    -1.4673    -1.1188   2.242512   2.953364     8.2410     1.3145 1.4756e+01    89.4700     2.3383    37.0070      0.990 -9.990e-29
        456     18.958  -74.89280  165.08856      0.991    -1.4638    -1.1038   2.233064   2.953449     8.2677     1.3145 1.4541e+01    89.4696     2.3277    36.9897      0.981 -9.990e-29
        457     19.000  -74.89280  165.08856      0.984    -1.4604    -1.0902   2.224787   2.953459     8.2956     1.3145 1.4290e+01    89.4739     2.3183    36.9730      0.974 -9.990e-29
        458     19.042  -74.89280  165.08856      0.976    -1.4570    -1.0779   2.218489   2.953383     8.3230     1.3145 1.4047e+01    89.4747     2.3111    36.9568      0.966 -9.990e-29
        459     19.083  -74.89280  165.08856      0.970    -1.4539    -1.0668   2.215577   2.953189     8.3480     1.3145 1.3822e+01    89.4748     2.3076    36.9404      0.960 -9.990e-29
        460     19.125  -74.89280  165.08856      0.963    -1.4510    -1.0569   2.219214   2.952827     8.3702     1.3145 1.3592e+01    89.4748     2.3114    36.9232      0.953 -9.990e-29
        461     19.167  -74.89280  165.08856      0.955    -1.4484    -1.0480   2.231429   2.952250     8.3912     1.3145 1.3341e+01    89.4750     2.3246    36.9043      0.945 -9.990e-29
        462     19.208  -74.89280  165.08856      0.947    -1.4462    -1.0405   2.252121   2.951459     8.4122     1.3145 1.3089e+01    89.4757     2.3473    36.8842      0.937 -9.990e-29
        463     19.250  -74.89280  165.08856      0.941    -1.4450    -1.0350   2.279121   2.950490     8.4319     1.3145 1.2883e+01    89.4800     2.3769    36.8640      0.931 -9.990e-29
        464     19.292  -74.89280  165.08856      0.935    -1.4470    -1.0334   2.308055   2.949387     8.4497     1.3145 1.2754e+01    89.4792     2.4090    36.8468      0.925 -9.990e-29
        465     19.333  -74.89280  165.08856      0.930    -1.4552    -1.0403   2.341031   2.948209     8.4676     1.3145 1.2761e+01    89.4705     2.4461    36.8390      0.920 -9.990e-29
        466     19.375  -74.89280  165.08856      0.925    -1.4679    -1.0629   2.384401   2.946990     8.4853     1.3145 1.2927e+01    89.4697     2.4952    36.8500      0.915 -9.990e-29
        467     19.417  -74.89280  165.08856      0.921    -1.4802    -1.1041   2.429632   2.945733     8.5017     1.3145 1.3165e+01    89.4739     2.5463    36.8833      0.911 -9.990e-29
        468     19.458  -74.89280  165.08856      0.917    -1.4898    -1.1580   2.459076   2.944444     8.5177     1.3144 1.3393e+01    89.4745     2.5799    36.9319      0.907 -9.990e-29
        469     19.500  -74.89280  165.08856      0.915    -1.4974    -1.2148   2.470622   2.943133     8.5347     1.3140 1.3601e+01    89.4739     2.5933    36.9839      0.905 -9.990e-29
        470     19.542  -74.89280  165.08856      0.912    -1.5037    -1.2680   2.483901   2.941813     8.5506     1.3120 1.3822e+01    89.4697     2.6087    37.0315      0.903 -9.990e-29
        471     19.583  -74.89280  165.08856      0.910    -1.5078    -1.3146   2.526713   2.940487     8.5616     1.3072 1.4081e+01    89.4707     2.6567    37.0709      0.901 -9.990e-29
        472     19.625  -74.89280  165.08856      0.908    -1.5092    -1.3548   2.614516   2.939136     8.5676     1.3024 1.4350e+01    89.4806     2.7547    37.1020      0.899 -9.990e-29
        473     19.667  -74.89280  165.08856      0.907    -1.5092    -1.3878   2.744269   2.937759     8.5694     1.3004 1.4574e+01    89.4875     2.8997    37.1239      0.898 -9.990e-29
        474     19.708  -74.89280  165.08856      0.905    -1.5093    -1.4117   2.908986   2.936417     8.5662     1.3000 1.4747e+01    89.4930     3.0846    37.1349      0.896 -9.990e-29
        475     19.750  -74.89280  165.08856      0.904    -1.5092    -1.4275   3.116488   2.935226     8.5569     1.2999 1.4893e+01    89.4934     3.3185    37.1380      0.895 -9.990e-29
        476     19.792  -74.89280  165.08856      0.903    -1.5077    -1.4380   3.386014   2.934274     8.5426     1.2999 1.4983e+01    89.4900     3.6240    37.1378      0.894 -9.990e-29
        477     19.833  -74.89280  165.08856      0.902    -1.5054    -1.4454   3.734551   2.933552     8.5217     1.2999 1.5013e+01    89.4946     4.0215    37.1369      0.893 -9.990e-29
        478     19.875  -74.89280  165.08856      0.901    -1.5035    -1.4506   4.178230   2.932999     8.4924     1.2999 1.5047e+01    89.4996     4.5318    37.1357      0.892 -9.990e-29
        479     19.917  -74.89280  165.08856      0.902    -1.5025    -1.4530   4.747471   2.932559     8.4560     1.2999 1.5113e+01    89.4996     5.1927    37.1325      0.893 -9.990e-29
        480     19.958  -74.89280  165.08856      0.903    -1.5019    -1.4521   5.536979   2.932191     8.4042     1.2999 1.5214e+01    89.4944     6.1199    37.1262      0.894 -9.990e-29
        481     20.000  -74.89280  165.08856      0.905    -1.5022    -1.4492   7.161161   2.931866     8.2885     1.2999 1.5329e+01    89.4891     8.0605    37.1181      0.896 -9.990e-29
        482     20.042  -74.89280  165.08856      0.905    -1.5045    -1.4463   9.917592   2.931570     8.0912     1.2999 1.5397e+01    89.4881    11.4385    37.1103      0.896 -9.990e-29
        483     20.083  -74.89280  165.08856      0.906    -1.5090    -1.4447  12.567600   2.931310     7.9037     1.2999 1.5375e+01    89.4881    14.7694    37.1047      0.897 -9.990e-29
        484     20.125  -74.89280  165.08856      0.906    -1.5149    -1.4445  14.074303   2.931099     7.7954     1.2999 1.5275e+01    89.4890    16.6964    37.1015      0.897 -9.990e-29
        485     20.167  -74.89280  165.08856      0.907    -1.5202    -1.4456  14.729384   2.930933     7.7454     1.2999 1.5123e+01    89.4943    17.5425    37.1005      0.898 -9.990e-29
        486     20.208  -74.89280  165.08856      0.907    -1.5244    -1.4471  15.020942   2.930801     7.7208     1.2999 1.4945e+01    89.4988    17.9216    37.1005      0.898 -9.990e-29
        487     20.250  -74.89280  165.08856      0.907    -1.5281    -1.4483  15.156699   2.930713     7.7050     1.2999 1.4759e+01    89.4956    18.0994    37.1008      0.898 -9.990e-29
        488     20.292  -74.89280  165.08856      0.908    -1.5314    -1.4487  15.215467   2.930662     7.6939     1.2999 1.4540e+01    89.4969    18.1775    37.1006      0.899 -9.990e-29
        489     20.333  -74.89280  165.08856      0.909    -1.5339    -1.4488  15.236662   2.930636     7.6872     1.2999 1.4281e+01    89.5072    18.2065    37.1003      0.900 -9.990e-29
        490     20.375  -74.89280  165.08856      0.911    -1.5356    -1.4504  15.241899   2.930646     7.6827     1.2999 1.4038e+01    89.5165    18.2143    37.1025      0.902 -9.990e-29
        491     20.417  -74.89280  165.08856      0.912    -1.5368    -1.4551  15.240862   2.930682     7.6771     1.2998 1.3871e+01    89.5595    18.2137    37.1088      0.903 -9.990e-29
        492     20.458  -74.89280  165.08856      0.912    -1.5377    -1.4619  15.235752   2.930734     7.6697     1.2994 1.3748e+01    89.6747    18.2076    37.1180      0.903 -9.990e-29
        493     20.500  -74.89280  165.08856      0.912    -1.5379    -1.4687  15.225663   2.930812     7.6617     1.2973 1.3610e+01    89.8050    18.1947    37.1276      0.903 -9.990e-29
        494     20.542  -74.89280  165.08856      0.913    -1.5376    -1.4746  15.207315   2.930921     7.6527     1.2925 1.3478e+01    89.8773    18.1707    37.1365      0.904 -9.990e-29
        495     20.583  -74.89280  165.08856      0.915    -1.5369    -1.4799  15.172947   2.931056     7.6431     1.2877 1.3386e+01    89.8932    18.1258    37.1450      0.905 -9.990e-29
        496     20.625  -74.89280  165.08856      0.917    -1.5362    -1.4849  15.102370   2.931233     7.6370     1.2857 1.3340e+01    89.8876    18.0340    37.1537      0.907 -9.990e-29
        497     20.667  -74.89280  165.08856      0.917    -1.5359    -1.4894  14.948674   2.931480     7.6378     1.2853 1.3343e+01    89.8881    17.8351    37.1628      0.907 -9.990e-29
        498     20.708  -74.89280  165.08856      0.917    -1.5361    -1.4933  14.598485   2.931813     7.6507     1.2852 1.3403e+01    89.8966    17.3831    37.1724      0.907 -9.990e-29
        499     20.750  -74.89280  165.08856      0.917    -1.5368    -1.4966  13.793123   2.932211     7.6936     1.2852 1.3526e+01    89.8965    16.3478    37.1821      0.907 -9.990e-29
        500     20.792  -74.89280  165.08856      0.918    -1.5375    -1.4994  12.009626   2.932668     7.8054     1.2852 1.3693e+01    89.8871    14.0760    37.1920      0.908 -9.990e-29
        501     20.833  -74.89280  165.08856      0.919    -1.5378    -1.5022   9.181544   2.933197     7.9911     1.2852 1.3865e+01    89.8819    10.5393    37.2029      0.909 -9.990e-29
        502     20.875  -74.89280  165.08856      0.921    -1.5379    -1.5060   6.386071   2.933796     8.1742     1.2852 1.4015e+01    89.8860     7.1379    37.2160      0.911 -9.990e-29
        503     20.917  -74.89280  165.08856      0.922    -1.5381    -1.5109   4.570351   2.934444     8.2878     1.2852 1.4157e+01    89.8903     4.9923    37.2313      0.912 -9.990e-29
        504     20.958  -74.89280  165.08856      0.924    -1.5387    -1.5160   3.617085   2.935141     8.3394     1.2852 1.4321e+01    89.8869     3.8915    37.2474      0.914 -9.990e-29
        505     21.000  -74.89280  165.08856      0.926    -1.5396    -1.5202   3.087004   2.935897     8.3617     1.2852 1.4471e+01    89.8869     3.2886    37.2633      0.916 -9.990e-29
        506     21.042  -74.89280  165.08856      0.928    -1.5404    -1.5230   2.740379   2.936715     8.3729     1.2852 1.4558e+01    89.8905     2.8984    37.2783      0.918 -9.990e-29
        507     21.083  -74.89280  165.08856      0.930    -1.5402    -1.5242   2.488957   2.937603     8.3766     1.2852 1.4582e+01    89.8871     2.6175    37.2922      0.920 -9.990e-29
        508     21.125  -74.89280  165.08856      0.932    -1.5375    -1.5239   2.311565   2.938565     8.3734     1.2852 1.4536e+01    89.8880     2.4203    37.3054      0.922 -9.990e-29
        509     21.167  -74.89280  165.08856      0.934    -1.5319    -1.5219   2.195063   2.939591     8.3664     1.2852 1.4439e+01    89.8968     2.2911    37.3173      0.924 -9.990e-29
        510     21.208  -74.89280  165.08856      0.936    -1.5246    -1.5185   2.110306   2.940631     8.3584     1.2852 1.4350e+01    89.8975     2.1972    37.3276      0.926 -9.990e-29
