FinalProject/ANA07CCTD01.cnv
* Sea-Bird SBE 9 Data File:
* FileName = C:\data\2017 ANA07C\ANA07CCTD01.hex
* Software Version Seasave V 7.23.2
* Temperature SN = 5191
* Conductivity SN = 3759
* Number of Bytes Per Scan = 37
* Number of Voltage Words = 4
* Number of Scans Averaged by the Deck Unit = 1
* NMEA Latitude = 74 33.13 S
* NMEA Longitude = 167 34.82 E
* NMEA UTC (Time) = Jan 26 2017  15:47:21
* NMEA baud rate = 4800
# nquan = 14
# nvalues = 1797                        
# units = specified
# name 0 = prDM: Pressure, Digiquartz [db]
# name 1 = t090C: Temperature [ITS-90, deg C]
# name 2 = t190C: Temperature, 2 [ITS-90, deg C]
# name 3 = c0S/m: Conductivity [S/m]
# name 4 = c1S/m: Conductivity, 2 [S/m]
# name 5 = sbeox0ML/L: Oxygen, SBE 43 [ml/l]
# name 6 = flECO-AFL: Fluorescence, WET Labs ECO-AFL/FL [mg/m^3]
# name 7 = par: PAR/Irradiance, Biospherical/Licor
# name 8 = xmiss: Beam Transmission, Chelsea/Seatech [%]
# name 9 = sal00: Salinity, Practical [PSU]
# name 10 = sal11: Salinity, Practical, 2 [PSU]
# name 11 = depSM: Depth [salt water, m], lat = -74.5522
# name 12 = nbin: number of scans per bin
# name 13 = flag: flag
# span 0 =      1.010,    912.440       
# span 1 =    -1.9405,     0.7837       
# span 2 =    -1.9402,     0.7844       
# span 3 =   2.614255,   2.896571       
# span 4 =   2.620989,   2.896633       
# span 5 =    6.65165,    8.74270       
# span 6 =    -0.0431,     0.9173       
# span 7 = 1.0222e-01, 9.5974e+01       
# span 8 =    92.3613,   102.9127       
# span 9 =    30.6158,    34.8311       
# span 10 =    30.6781,    34.8315      
# span 11 =      1.000,    901.000      
# span 12 =         12,        142      
# span 13 = 0.0000e+00, 0.0000e+00      
# interval = meters: 1                  
# start_time = Jan 26 2017 15:47:21 [NMEA time, header]
# bad_flag = -9.990e-29
*END*
[from data line 1033]
    773.444    -1.8906    -1.8904   2.765444   2.765502    6.96733    -0.0336 1.0228e-01   102.8840    34.8269    34.8274    764.000         15 0.0000e+00
    772.429    -1.8905    -1.8904   2.765389   2.765455    6.96563    -0.0399 1.0228e-01   102.8882    34.8267    34.8274    763.000         14 0.0000e+00
    771.415    -1.8906    -1.8904   2.765345   2.765418    6.95315    -0.0397 1.0228e-01   102.9001    34.8267    34.8275    762.000         15 0.0000e+00
    770.401    -1.8906    -1.8904   2.765296   2.765359    6.95301    -0.0336 1.0228e-01   102.8934    34.8267    34.8273    761.000         15 0.0000e+00
    769.387    -1.8908    -1.8905   2.765246   2.765312    6.96055    -0.0396 1.0228e-01   102.8797    34.8269    34.8274    760.000         19 0.0000e+00
    768.372    -1.8910    -1.8906   2.765185   2.765256    6.95841    -0.0412 1.0228e-01   102.8763    34.8268    34.8274    759.000         22 0.0000e+00
    767.358    -1.8911    -1.8907   2.765131   2.765203    6.96534    -0.0417 1.0227e-01   102.8449    34.8268    34.8273    758.000         23 0.0000e+00
    766.344    -1.8911    -1.8908   2.765083   2.765149    6.97252    -0.0377 1.0229e-01   102.8231    34.8268    34.8274    757.000         21 0.0000e+00
    765.330    -1.8911    -1.8908   2.765022   2.765101    6.97656    -0.0335 1.0228e-01   102.8667    34.8266    34.8273    756.000         18 0.0000e+00
    764.316    -1.8912    -1.8909   2.764977   2.765048    6.97093    -0.0335 1.0226e-01   102.8624    34.8266    34.8273    755.000         16 0.0000e+00
    763.301    -1.8912    -1.8909   2.764928   2.764992    6.96895    -0.0400 1.0226e-01   102.8599    34.8266    34.8272    754.000         16 0.0000e+00
    762.287    -1.8913    -1.8910   2.764875   2.764948    6.95209    -0.0408 1.0228e-01   102.8625    34.8266    34.8273    753.000         16 0.0000e+00
    761.273    -1.8913    -1.8910   2.764829   2.764890    6.95268    -0.0415 1.0228e-01   102.8466    34.8266    34.8271    752.000         17 0.0000e+00
    760.259    -1.8913    -1.8910   2.764775   2.764849    6.94984    -0.0417 1.0226e-01   102.8310    34.8265    34.8272    751.000         19 0.0000e+00
    759.245    -1.8914    -1.8911   2.764733   2.764799    6.94600    -0.0350 1.0226e-01   102.8329    34.8267    34.8272    750.000         19 0.0000e+00
    758.231    -1.8914    -1.8911   2.764680   2.764748    6.96488    -0.0383 1.0228e-01   102.8276    34.8265    34.8271    749.000         20 0.0000e+00
    757.216    -1.8914    -1.8910   2.764640   2.764697    6.96916    -0.0412 1.0226e-01   102.8285    34.8267    34.8270    748.000         20 0.0000e+00
    756.202    -1.8915    -1.8911   2.764585   2.764650    6.96040    -0.0423 1.0228e-01   102.8293    34.8265    34.8271    747.000         19 0.0000e+00
    755.188    -1.8915    -1.8911   2.764528   2.764601    6.96469    -0.0416 1.0228e-01   102.8252    34.8264    34.8270    746.000         19 0.0000e+00
    754.174    -1.8915    -1.8911   2.764481   2.764552    6.96949    -0.0428 1.0228e-01   102.8369    34.8264    34.8270    745.000         18 0.0000e+00
    753.160    -1.8915    -1.8912   2.764430   2.764498    6.95501    -0.0411 1.0228e-01   102.8467    34.8263    34.8269    744.000         17 0.0000e+00
    752.146    -1.8915    -1.8913   2.764385   2.764445    6.95143    -0.0409 1.0228e-01   102.8537    34.8263    34.8270    743.000         16 0.0000e+00
    751.131    -1.8915    -1.8913   2.764338   2.764394    6.95379    -0.0416 1.0228e-01   102.8516    34.8263    34.8268    742.000         17 0.0000e+00
    750.117    -1.8916    -1.8913   2.764281   2.764353    6.95812    -0.0341 1.0228e-01   102.8436    34.8262    34.8269    741.000         16 0.0000e+00
    749.103    -1.8916    -1.8913   2.764231   2.764302    6.95663    -0.0335 1.0228e-01   102.8299    34.8262    34.8268    740.000         17 0.0000e+00
    748.089    -1.8917    -1.8914   2.764178   2.764248    6.95898    -0.0339 1.0228e-01   102.8379    34.8262    34.8268    739.000         17 0.0000e+00
    747.075    -1.8921    -1.8916   2.764094   2.764177    6.96641    -0.0335 1.0228e-01   102.8462    34.8262    34.8267    738.000         18 0.0000e+00
    746.061    -1.8927    -1.8922   2.763996   2.764082    6.96097    -0.0408 1.0228e-01   102.8581    34.8261    34.8267    737.000         19 0.0000e+00
    745.047    -1.8929    -1.8925   2.763933   2.764014    6.96290    -0.0416 1.0228e-01   102.8657    34.8261    34.8267    736.000         18 0.0000e+00
    744.033    -1.8930    -1.8926   2.763880   2.763956    6.97132    -0.0408 1.0228e-01   102.8765    34.8260    34.8266    735.000         18 0.0000e+00
    743.019    -1.8929    -1.8927   2.763830   2.763902    6.97304    -0.0401 1.0228e-01   102.8891    34.8259    34.8266    734.000         20 0.0000e+00
    742.005    -1.8930    -1.8927   2.763791   2.763857    6.96335    -0.0338 1.0228e-01   102.8764    34.8260    34.8266    733.000         20 0.0000e+00
    740.990    -1.8930    -1.8928   2.763745   2.763815    6.95576    -0.0419 1.0228e-01   102.8594    34.8261    34.8267    732.000         21 0.0000e+00
    739.976    -1.8931    -1.8927   2.763689   2.763755    6.96163    -0.0420 1.0226e-01   102.8624    34.8260    34.8265    731.000         19 0.0000e+00
    738.962    -1.8932    -1.8929   2.763630   2.763700    6.96390    -0.0412 1.0226e-01   102.8601    34.8259    34.8266    730.000         17 0.0000e+00
    737.948    -1.8932    -1.8930   2.763572   2.763653    6.96659    -0.0421 1.0228e-01   102.8536    34.8258    34.8266    729.000         17 0.0000e+00
    736.934    -1.8932    -1.8929   2.763531   2.763598    6.97063    -0.0417 1.0228e-01   102.8542    34.8258    34.8264    728.000         16 0.0000e+00
    735.920    -1.8931    -1.8928   2.763497   2.763569    6.96179    -0.0408 1.0228e-01   102.8496    34.8258    34.8265    727.000         16 0.0000e+00
    734.906    -1.8931    -1.8928   2.763451   2.763517    6.95319    -0.0379 1.0228e-01   102.8643    34.8259    34.8264    726.000         18 0.0000e+00
    733.892    -1.8933    -1.8929   2.763394   2.763467    6.96023    -0.0358 1.0228e-01   102.8656    34.8259    34.8264    725.000         19 0.0000e+00
    732.878    -1.8933    -1.8930   2.763349   2.763416    6.96187    -0.0411 1.0228e-01   102.8667    34.8259    34.8264    724.000         19 0.0000e+00
    731.864    -1.8934    -1.8930   2.763289   2.763360    6.96916    -0.0409 1.0228e-01   102.8483    34.8258    34.8263    723.000         18 0.0000e+00
    730.850    -1.8934    -1.8931   2.763243   2.763305    6.96534    -0.0356 1.0228e-01   102.8489    34.8258    34.8263    722.000         17 0.0000e+00
    729.836    -1.8934    -1.8931   2.763194   2.763253    6.95196    -0.0362 1.0228e-01   102.8568    34.8257    34.8262    721.000         16 0.0000e+00
    728.822    -1.8933    -1.8931   2.763139   2.763211    6.95967    -0.0407 1.0228e-01   102.8606    34.8255    34.8263    720.000         15 0.0000e+00
    727.808    -1.8935    -1.8932   2.763088   2.763151    6.96573    -0.0349 1.0226e-01   102.8620    34.8256    34.8261    719.000         16 0.0000e+00
    726.794    -1.8935    -1.8932   2.763042   2.763107    6.96848    -0.0371 1.0228e-01   102.8716    34.8256    34.8262    718.000         18 0.0000e+00
    725.780    -1.8935    -1.8932   2.762997   2.763067    6.96748    -0.0387 1.0226e-01   102.8699    34.8257    34.8263    717.000         21 0.0000e+00
    724.766    -1.8935    -1.8932   2.762951   2.763029    6.96574    -0.0335 1.0228e-01   102.8611    34.8257    34.8264    716.000         26 0.0000e+00
    723.752    -1.8936    -1.8932   2.762896   2.762964    6.97443    -0.0365 1.0226e-01   102.8422    34.8256    34.8261    715.000         22 0.0000e+00
    722.738    -1.8935    -1.8933   2.762841   2.762908    6.96964    -0.0416 1.0228e-01   102.8684    34.8254    34.8260    714.000         18 0.0000e+00
    721.724    -1.8935    -1.8933   2.762791   2.762866    6.96861    -0.0408 1.0228e-01   102.8568    34.8253    34.8260    713.000         16 0.0000e+00
    720.710    -1.8935    -1.8933   2.762741   2.762811    6.96543    -0.0408 1.0225e-01   102.8534    34.8252    34.8260    712.000         15 0.0000e+00
    719.696    -1.8935    -1.8933   2.762702   2.762772    6.96229    -0.0408 1.0228e-01   102.8534    34.8253    34.8260    711.000         15 0.0000e+00
    718.682    -1.8936    -1.8933   2.762655   2.762716    6.95323    -0.0408 1.0228e-01   102.8535    34.8254    34.8259    710.000         16 0.0000e+00
    717.668    -1.8937    -1.8934   2.762590   2.762645    6.95210    -0.0412 1.0228e-01   102.8567    34.8253    34.8256    709.000         18 0.0000e+00
    716.654    -1.8938    -1.8935   2.762539   2.762603    6.94927    -0.0374 1.0228e-01   102.8567    34.8252    34.8258    708.000         19 0.0000e+00
    715.640    -1.8939    -1.8935   2.762480   2.762555    6.95346    -0.0335 1.0228e-01   102.8509    34.8251    34.8258    707.000         19 0.0000e+00
    714.626    -1.8939    -1.8936   2.762443   2.762504    6.96749    -0.0364 1.0228e-01   102.8382    34.8253    34.8257    706.000         19 0.0000e+00
    713.612    -1.8939    -1.8935   2.762390   2.762452    6.96937    -0.0408 1.0228e-01   102.8387    34.8252    34.8256    705.000         18 0.0000e+00
    712.598    -1.8940    -1.8937   2.762341   2.762408    6.97240    -0.0408 1.0228e-01   102.8439    34.8252    34.8258    704.000         17 0.0000e+00
    711.584    -1.8940    -1.8937   2.762298   2.762358    6.97317    -0.0408 1.0226e-01   102.8485    34.8253    34.8257    703.000         16 0.0000e+00
    710.570    -1.8939    -1.8937   2.762244   2.762312    6.95802    -0.0408 1.0228e-01   102.8651    34.8251    34.8258    702.000         17 0.0000e+00
    709.556    -1.8940    -1.8937   2.762195   2.762258    6.95865    -0.0408 1.0226e-01   102.8684    34.8251    34.8256    701.000         17 0.0000e+00
    708.542    -1.8940    -1.8937   2.762151   2.762221    6.96917    -0.0367 1.0228e-01   102.8678    34.8251    34.8257    700.000         18 0.0000e+00
    707.528    -1.8941    -1.8937   2.762098   2.762169    6.96143    -0.0366 1.0228e-01   102.8634    34.8251    34.8256    699.000         21 0.0000e+00
    706.514    -1.8941    -1.8938   2.762040   2.762111    6.96264    -0.0416 1.0228e-01   102.8629    34.8250    34.8256    698.000         21 0.0000e+00
    705.501    -1.8940    -1.8937   2.761997   2.762070    6.96146    -0.0400 1.0228e-01   102.8506    34.8249    34.8255    697.000         20 0.0000e+00
    704.487    -1.8941    -1.8938   2.761953   2.762014    6.96015    -0.0334 1.0228e-01   102.8298    34.8250    34.8255    696.000         17 0.0000e+00
    703.473    -1.8941    -1.8938   2.761902   2.761974    6.95840    -0.0409 1.0226e-01   102.8384    34.8249    34.8256    695.000         17 0.0000e+00
    702.459    -1.8941    -1.8939   2.761853   2.761915    6.96090    -0.0417 1.0228e-01   102.8655    34.8249    34.8255    694.000         16 0.0000e+00
    701.445    -1.8943    -1.8940   2.761790   2.761859    6.96339    -0.0413 1.0228e-01   102.8828    34.8249    34.8254    693.000         16 0.0000e+00
    700.431    -1.8945    -1.8942   2.761724   2.761800    6.96426    -0.0416 1.0226e-01   102.8603    34.8247    34.8254    692.000         19 0.0000e+00
    699.417    -1.8947    -1.8944   2.761664   2.761729    6.97203    -0.0355 1.0228e-01   102.8873    34.8248    34.8253    691.000         20 0.0000e+00
    698.403    -1.8948    -1.8944   2.761607   2.761672    6.97595    -0.0337 1.0226e-01   102.8629    34.8247    34.8252    690.000         19 0.0000e+00
    697.389    -1.8947    -1.8944   2.761565   2.761636    6.98233    -0.0405 1.0228e-01   102.8446    34.8247    34.8253    689.000         19 0.0000e+00
    696.376    -1.8946    -1.8943   2.761532   2.761580    6.96848    -0.0408 1.0226e-01   102.8709    34.8247    34.8251    688.000         16 0.0000e+00
    695.362    -1.8945    -1.8943   2.761483   2.761551    6.96588    -0.0408 1.0226e-01   102.8750    34.8246    34.8253    687.000         16 0.0000e+00
    694.348    -1.8945    -1.8943   2.761433   2.761503    6.96312    -0.0408 1.0228e-01   102.8842    34.8245    34.8252    686.000         15 0.0000e+00
    693.334    -1.8946    -1.8943   2.761391   2.761456    6.96010    -0.0408 1.0228e-01   102.8902    34.8247    34.8252    685.000         17 0.0000e+00
    692.320    -1.8947    -1.8944   2.761350   2.761404    6.95991    -0.0408 1.0226e-01   102.8764    34.8248    34.8252    684.000         19 0.0000e+00
    691.306    -1.8948    -1.8944   2.761291   2.761350    6.95916    -0.0342 1.0228e-01   102.8796    34.8247    34.8251    683.000         23 0.0000e+00
    690.292    -1.8948    -1.8944   2.761241   2.761302    6.96627    -0.0335 1.0226e-01   102.8773    34.8247    34.8251    682.000         22 0.0000e+00
    689.279    -1.8948    -1.8945   2.761185   2.761255    6.95514    -0.0402 1.0228e-01   102.8787    34.8245    34.8252    681.000         20 0.0000e+00
    688.265    -1.8951    -1.8947   2.761121   2.761190    6.95982    -0.0408 1.0228e-01   102.8852    34.8246    34.8252    680.000         17 0.0000e+00
    687.251    -1.8951    -1.8949   2.761063   2.761120    6.96644    -0.0399 1.0228e-01   102.8673    34.8244    34.8250    679.000         16 0.0000e+00
    686.237    -1.8952    -1.8950   2.761010   2.761071    6.95981    -0.0335 1.0228e-01   102.8768    34.8245    34.8250    678.000         16 0.0000e+00
    685.223    -1.8952    -1.8950   2.760970   2.761033    6.96063    -0.0403 1.0228e-01   102.8674    34.8245    34.8251    677.000         15 0.0000e+00
    684.210    -1.8953    -1.8949   2.760908   2.760979    6.97416    -0.0391 1.0228e-01   102.8729    34.8244    34.8250    676.000         17 0.0000e+00
    683.196    -1.8953    -1.8950   2.760864   2.760925    6.97410    -0.0337 1.0228e-01   102.8874    34.8244    34.8249    675.000         17 0.0000e+00
    682.182    -1.8953    -1.8949   2.760816   2.760874    6.96044    -0.0406 1.0228e-01   102.8770    34.8244    34.8248    674.000         18 0.0000e+00
    681.168    -1.8953    -1.8950   2.760771   2.760836    6.96425    -0.0412 1.0228e-01   102.9052    34.8244    34.8250    673.000         18 0.0000e+00
    680.154    -1.8953    -1.8950   2.760716   2.760791    6.96895    -0.0408 1.0228e-01   102.8933    34.8242    34.8249    672.000         18 0.0000e+00
    679.141    -1.8953    -1.8950   2.760667   2.760731    6.97066    -0.0408 1.0226e-01   102.8943    34.8242    34.8247    671.000         18 0.0000e+00
    678.127    -1.8953    -1.8950   2.760610   2.760688    6.96098    -0.0408 1.0228e-01   102.8895    34.8240    34.8248    670.000         19 0.0000e+00
    677.113    -1.8954    -1.8950   2.760564   2.760635    6.95486    -0.0408 1.0228e-01   102.8827    34.8242    34.8247    669.000         21 0.0000e+00
    676.099    -1.8956    -1.8953   2.760493   2.760570    6.96659    -0.0411 1.0228e-01   102.8844    34.8240    34.8247    668.000         22 0.0000e+00
    675.085    -1.8955    -1.8952   2.760452   2.760519    6.97749    -0.0418 1.0228e-01   102.8994    34.8239    34.8245    667.000         19 0.0000e+00
    674.072    -1.8954    -1.8952   2.760397   2.760472    6.97585    -0.0411 1.0228e-01   102.9044    34.8238    34.8245    666.000         18 0.0000e+00
    673.058    -1.8954    -1.8951   2.760353   2.760416    6.96902    -0.0408 1.0228e-01   102.9072    34.8238    34.8243    665.000         16 0.0000e+00
    672.044    -1.8954    -1.8952   2.760310   2.760370    6.96445    -0.0420 1.0228e-01   102.8839    34.8238    34.8244    664.000         16 0.0000e+00
    671.030    -1.8955    -1.8952   2.760255   2.760319    6.97327    -0.0368 1.0228e-01   102.8799    34.8237    34.8243    663.000         16 0.0000e+00
