FinalProject/ANA07CCTD01.cnv
* Sea-Bird SBE 9 Data File:
* FileName = C:\data\2017 ANA07C\ANA07CCTD01.hex
* Software Version Seasave V 7.23.2
* Temperature SN = 5191
* Conductivity SN = 3759
* Number of Bytes Per Scan = 37
* Number of Voltage Words = 4
* Number of Scans Averaged by the Deck Unit = 1
* NMEA Latitude = 74 33.13 S
* NMEA Longitude = 167 34.82 E
* NMEA UTC (Time) = Jan 26 2017  15:47:21
* NMEA baud rate = 4800
# nquan = 14
# nvalues = 1797                        
# units = specified
# name 0 = prDM: Pressure, Digiquartz [db]
# name 1 = t090C: Temperature [ITS-90, deg C]
# name 2 = t190C: Temperature, 2 [ITS-90, deg C]
# name 3 = c0S/m: Conductivity [S/m]
# name 4 = c1S/m: Conductivity, 2 [S/m]
# name 5 = sbeox0ML/L: Oxygen, SBE 43 [ml/l]
# name 6 = flECO-AFL: Fluorescence, WET Labs ECO-AFL/FL [mg/m^3]
# name 7 = par: PAR/Irradiance, Biospherical/Licor
# name 8 = xmiss: Beam Transmission, Chelsea/Seatech [%]
# name 9 = sal00: Salinity, Practical [PSU]
# name 10 = sal11: Salinity, Practical, 2 [PSU]
# name 11 = depSM: Depth [salt water, m], lat = -74.5522
# name 12 = nbin: number of scans per bin
# name 13 = flag: flag
# span 0 =      1.010,    912.440       
# span 1 =    -1.9405,     0.7837       
# span 2 =    -1.9402,     0.7844       
# span 3 =   2.614255,   2.896571       
# span 4 =   2.620989,   2.896633       
# span 5 =    6.65165,    8.74270       
# span 6 =    -0.0431,     0.9173       
# span 7 = 1.0222e-01, 9.5974e+01       
# span 8 =    92.3613,   102.9127       
# span 9 =    30.6158,    34.8311       
# span 10 =    30.6781,    34.8315      
# span 11 =      1.000,    901.000      
# span 12 =         12,        142      
# span 13 = 0.0000e+00, 0.0000e+00      
# interval = meters: 1                  
# start_time = Jan 26 2017 15:47:21 [NMEA time, header]
# bad_flag = -9.990e-29
*END*
[from data line 930]
    877.936    -1.8913    -1.8909   2.770235   2.770314    6.93827    -0.0335 1.0228e-01   102.5181    34.8302    34.8308    867.000         41 0.0000e+00
    876.921    -1.8913    -1.8910   2.770180   2.770243    6.94861    -0.0335 1.0228e-01   102.5631    34.8301    34.8306    866.000         21 0.0000e+00
    875.907    -1.8915    -1.8912   2.770113   2.770177    6.94538    -0.0335 1.0226e-01   102.5843    34.8300    34.8305    865.000         19 0.0000e+00
    874.892    -1.8917    -1.8914   2.770044   2.770117    6.94600    -0.0335 1.0224e-01   102.6054    34.8298    34.8305    864.000         18 0.0000e+00
    873.877    -1.8916    -1.8914   2.769998   2.770058    6.95582    -0.0335 1.0228e-01   102.6124    34.8298    34.8303    863.000         17 0.0000e+00
    872.862    -1.8916    -1.8914   2.769933   2.770009    6.95600    -0.0335 1.0226e-01   102.6169    34.8295    34.8303    862.000         16 0.0000e+00
    871.848    -1.8919    -1.8915   2.769880   2.769955    6.95292    -0.0335 1.0226e-01   102.6479    34.8296    34.8303    861.000         18 0.0000e+00
    870.833    -1.8920    -1.8916   2.769828   2.769892    6.95297    -0.0362 1.0227e-01   102.6983    34.8296    34.8301    860.000         21 0.0000e+00
    869.818    -1.8921    -1.8917   2.769767   2.769845    6.94731    -0.0390 1.0226e-01   102.7323    34.8295    34.8301    859.000         21 0.0000e+00
    868.804    -1.8920    -1.8915   2.769742   2.769818    6.94992    -0.0340 1.0228e-01   102.7317    34.8297    34.8303    858.000         51 0.0000e+00
    867.789    -1.8920    -1.8916   2.769692   2.769768    6.94688    -0.0389 1.0228e-01   102.7286    34.8297    34.8303    857.000         46 0.0000e+00
    866.774    -1.8921    -1.8917   2.769654   2.769727    6.93965    -0.0419 1.0228e-01   102.7081    34.8298    34.8304    856.000         48 0.0000e+00
    865.760    -1.8920    -1.8917   2.769588   2.769669    6.95059    -0.0375 1.0228e-01   102.7549    34.8295    34.8302    855.000         25 0.0000e+00
    864.745    -1.8921    -1.8918   2.769515   2.769587    6.94021    -0.0381 1.0228e-01   102.7705    34.8292    34.8299    854.000         22 0.0000e+00
    863.730    -1.8921    -1.8917   2.769478   2.769557    6.94904    -0.0369 1.0226e-01   102.7720    34.8292    34.8299    853.000         26 0.0000e+00
    862.715    -1.8920    -1.8917   2.769444   2.769517    6.95290    -0.0397 1.0228e-01   102.8036    34.8293    34.8299    852.000         24 0.0000e+00
    861.701    -1.8919    -1.8916   2.769396   2.769467    6.95591    -0.0363 1.0228e-01   102.7955    34.8292    34.8298    851.000         20 0.0000e+00
    860.686    -1.8919    -1.8916   2.769342   2.769414    6.95731    -0.0372 1.0228e-01   102.7866    34.8290    34.8297    850.000         19 0.0000e+00
    859.672    -1.8919    -1.8916   2.769308   2.769376    6.95475    -0.0421 1.0228e-01   102.7983    34.8291    34.8297    849.000         19 0.0000e+00
    858.657    -1.8918    -1.8915   2.769264   2.769331    6.95260    -0.0412 1.0226e-01   102.8112    34.8291    34.8297    848.000         20 0.0000e+00
    857.642    -1.8918    -1.8916   2.769216   2.769280    6.94890    -0.0420 1.0227e-01   102.7922    34.8290    34.8296    847.000         24 0.0000e+00
    856.628    -1.8920    -1.8916   2.769165   2.769238    6.95238    -0.0419 1.0226e-01   102.7802    34.8291    34.8297    846.000         28 0.0000e+00
    855.613    -1.8920    -1.8917   2.769113   2.769181    6.94789    -0.0382 1.0227e-01   102.8023    34.8291    34.8296    845.000         30 0.0000e+00
    854.598    -1.8921    -1.8917   2.769050   2.769130    6.95453    -0.0404 1.0228e-01   102.8280    34.8289    34.8296    844.000         31 0.0000e+00
    853.584    -1.8920    -1.8917   2.769008   2.769077    6.95805    -0.0408 1.0226e-01   102.8202    34.8289    34.8294    843.000         27 0.0000e+00
    852.569    -1.8919    -1.8916   2.768951   2.769027    6.96349    -0.0408 1.0228e-01   102.8463    34.8286    34.8293    842.000         24 0.0000e+00
    851.554    -1.8918    -1.8916   2.768915   2.768984    6.95652    -0.0395 1.0228e-01   102.8488    34.8286    34.8292    841.000         24 0.0000e+00
    850.540    -1.8918    -1.8915   2.768864   2.768934    6.96279    -0.0349 1.0228e-01   102.8487    34.8285    34.8291    840.000         22 0.0000e+00
    849.525    -1.8919    -1.8916   2.768820   2.768894    6.96560    -0.0411 1.0230e-01   102.8391    34.8286    34.8293    839.000         20 0.0000e+00
    848.511    -1.8918    -1.8915   2.768771   2.768845    6.96277    -0.0408 1.0230e-01   102.8470    34.8284    34.8292    838.000         20 0.0000e+00
    847.496    -1.8918    -1.8915   2.768736   2.768801    6.95516    -0.0412 1.0228e-01   102.8538    34.8285    34.8291    837.000         19 0.0000e+00
    846.481    -1.8917    -1.8914   2.768698   2.768762    6.95645    -0.0373 1.0228e-01   102.8640    34.8285    34.8290    836.000         20 0.0000e+00
    845.467    -1.8914    -1.8912   2.768671   2.768737    6.95189    -0.0406 1.0225e-01   102.8741    34.8284    34.8291    835.000         22 0.0000e+00
    844.452    -1.8913    -1.8911   2.768640   2.768694    6.95309    -0.0408 1.0228e-01   102.8675    34.8286    34.8291    834.000         25 0.0000e+00
    843.438    -1.8913    -1.8912   2.768594   2.768646    6.95753    -0.0408 1.0228e-01   102.8456    34.8285    34.8291    833.000         28 0.0000e+00
    842.423    -1.8912    -1.8911   2.768560   2.768616    6.95214    -0.0408 1.0228e-01   102.8268    34.8285    34.8292    832.000         27 0.0000e+00
    841.409    -1.8911    -1.8908   2.768517   2.768584    6.95565    -0.0344 1.0228e-01   102.8303    34.8284    34.8290    831.000         25 0.0000e+00
    840.394    -1.8910    -1.8906   2.768471   2.768543    6.95598    -0.0412 1.0228e-01   102.8501    34.8283    34.8289    830.000         25 0.0000e+00
    839.379    -1.8910    -1.8907   2.768412   2.768491    6.95155    -0.0408 1.0228e-01   102.8603    34.8281    34.8288    829.000         23 0.0000e+00
    838.365    -1.8910    -1.8907   2.768355   2.768430    6.95612    -0.0412 1.0228e-01   102.8540    34.8280    34.8286    828.000         21 0.0000e+00
    837.350    -1.8910    -1.8908   2.768317   2.768381    6.95869    -0.0408 1.0226e-01   102.8435    34.8280    34.8286    827.000         19 0.0000e+00
    836.336    -1.8910    -1.8907   2.768277   2.768340    6.95627    -0.0408 1.0224e-01   102.8532    34.8280    34.8286    826.000         18 0.0000e+00
    835.321    -1.8912    -1.8908   2.768209   2.768277    6.95775    -0.0408 1.0228e-01   102.8813    34.8279    34.8285    825.000         19 0.0000e+00
    834.307    -1.8913    -1.8910   2.768148   2.768221    6.96469    -0.0408 1.0228e-01   102.8742    34.8279    34.8285    824.000         20 0.0000e+00
    833.292    -1.8912    -1.8909   2.768116   2.768179    6.96659    -0.0403 1.0228e-01   102.8750    34.8279    34.8285    823.000         23 0.0000e+00
    832.278    -1.8910    -1.8908   2.768080   2.768137    6.95931    -0.0356 1.0226e-01   102.8737    34.8278    34.8284    822.000         23 0.0000e+00
    831.263    -1.8907    -1.8905   2.768053   2.768110    6.96252    -0.0417 1.0228e-01   102.8666    34.8278    34.8283    821.000         21 0.0000e+00
    830.249    -1.8907    -1.8904   2.768002   2.768079    6.96430    -0.0404 1.0228e-01   102.8867    34.8276    34.8284    820.000         20 0.0000e+00
    829.234    -1.8907    -1.8904   2.767958   2.768028    6.95759    -0.0336 1.0228e-01   102.8665    34.8277    34.8282    819.000         21 0.0000e+00
    828.220    -1.8908    -1.8904   2.767914   2.767984    6.96076    -0.0406 1.0228e-01   102.8826    34.8277    34.8283    818.000         23 0.0000e+00
    827.205    -1.8908    -1.8904   2.767867   2.767933    6.96923    -0.0417 1.0226e-01   102.8726    34.8277    34.8283    817.000         25 0.0000e+00
    826.191    -1.8907    -1.8904   2.767827   2.767889    6.95599    -0.0411 1.0226e-01   102.8857    34.8277    34.8282    816.000         23 0.0000e+00
    825.176    -1.8905    -1.8901   2.767795   2.767873    6.94936    -0.0411 1.0228e-01   102.8729    34.8276    34.8283    815.000         21 0.0000e+00
    824.162    -1.8903    -1.8901   2.767771   2.767835    6.95800    -0.0338 1.0228e-01   102.8662    34.8277    34.8283    814.000         20 0.0000e+00
    823.147    -1.8903    -1.8900   2.767727   2.767797    6.95531    -0.0400 1.0228e-01   102.8854    34.8277    34.8283    813.000         21 0.0000e+00
    822.133    -1.8903    -1.8900   2.767673   2.767754    6.95208    -0.0408 1.0228e-01   102.8822    34.8276    34.8284    812.000         20 0.0000e+00
    821.118    -1.8903    -1.8900   2.767626   2.767704    6.96089    -0.0408 1.0228e-01   102.8752    34.8276    34.8283    811.000         20 0.0000e+00
    820.104    -1.8903    -1.8900   2.767591   2.767658    6.96296    -0.0408 1.0228e-01   102.8841    34.8277    34.8283    810.000         18 0.0000e+00
    819.089    -1.8904    -1.8900   2.767540   2.767610    6.96003    -0.0408 1.0228e-01   102.8640    34.8277    34.8283    809.000         16 0.0000e+00
    818.075    -1.8904    -1.8901   2.767479   2.767554    6.96729    -0.0408 1.0228e-01   102.8657    34.8274    34.8282    808.000         16 0.0000e+00
    817.060    -1.8903    -1.8900   2.767447   2.767514    6.96961    -0.0408 1.0228e-01   102.8705    34.8275    34.8282    807.000         15 0.0000e+00
    816.046    -1.8903    -1.8900   2.767393   2.767465    6.96374    -0.0408 1.0228e-01   102.8721    34.8274    34.8281    806.000         16 0.0000e+00
    815.031    -1.8903    -1.8900   2.767354   2.767419    6.96306    -0.0408 1.0228e-01   102.8633    34.8275    34.8281    805.000         17 0.0000e+00
    814.017    -1.8905    -1.8901   2.767301   2.767379    6.95282    -0.0408 1.0228e-01   102.8810    34.8276    34.8283    804.000         21 0.0000e+00
    813.003    -1.8905    -1.8901   2.767259   2.767330    6.95044    -0.0411 1.0228e-01   102.8793    34.8277    34.8282    803.000         28 0.0000e+00
    811.988    -1.8906    -1.8901   2.767210   2.767280    6.96189    -0.0410 1.0229e-01   102.8732    34.8277    34.8282    802.000         35 0.0000e+00
    810.974    -1.8906    -1.8903   2.767153   2.767231    6.95591    -0.0383 1.0228e-01   102.8644    34.8275    34.8282    801.000         27 0.0000e+00
    809.959    -1.8905    -1.8903   2.767113   2.767182    6.95573    -0.0365 1.0228e-01   102.8706    34.8275    34.8282    800.000         19 0.0000e+00
    808.945    -1.8905    -1.8903   2.767052   2.767120    6.95660    -0.0419 1.0228e-01   102.8696    34.8273    34.8279    799.000         17 0.0000e+00
    807.930    -1.8907    -1.8903   2.766985   2.767071    6.95729    -0.0413 1.0228e-01   102.8733    34.8272    34.8279    798.000         15 0.0000e+00
    806.916    -1.8907    -1.8905   2.766921   2.767012    6.94943    -0.0411 1.0228e-01   102.8808    34.8270    34.8280    797.000         15 0.0000e+00
    805.902    -1.8908    -1.8905   2.766895   2.766961    6.96311    -0.0419 1.0228e-01   102.8915    34.8273    34.8278    796.000         14 0.0000e+00
    804.887    -1.8908    -1.8906   2.766846   2.766913    6.96323    -0.0431 1.0228e-01   102.8946    34.8273    34.8279    795.000         16 0.0000e+00
    803.873    -1.8909    -1.8906   2.766808   2.766877    6.96403    -0.0381 1.0228e-01   102.8583    34.8275    34.8280    794.000         16 0.0000e+00
    802.859    -1.8909    -1.8906   2.766754   2.766820    6.95498    -0.0353 1.0228e-01   102.8599    34.8274    34.8279    793.000         19 0.0000e+00
    801.844    -1.8910    -1.8907   2.766703   2.766770    6.95498    -0.0408 1.0228e-01   102.8919    34.8274    34.8279    792.000         19 0.0000e+00
    800.830    -1.8912    -1.8908   2.766639   2.766709    6.96973    -0.0408 1.0228e-01   102.8873    34.8274    34.8279    791.000         20 0.0000e+00
    799.815    -1.8912    -1.8909   2.766588   2.766659    6.96811    -0.0408 1.0228e-01   102.8837    34.8273    34.8279    790.000         22 0.0000e+00
    798.801    -1.8913    -1.8910   2.766542   2.766610    6.96418    -0.0408 1.0228e-01   102.8866    34.8274    34.8280    789.000         22 0.0000e+00
    797.787    -1.8913    -1.8910   2.766493   2.766555    6.95654    -0.0408 1.0228e-01   102.8965    34.8273    34.8278    788.000         24 0.0000e+00
    796.772    -1.8912    -1.8909   2.766464   2.766520    6.95735    -0.0419 1.0228e-01   102.8974    34.8274    34.8278    787.000         24 0.0000e+00
    795.758    -1.8912    -1.8909   2.766412   2.766479    6.95889    -0.0419 1.0228e-01   102.8957    34.8273    34.8278    786.000         23 0.0000e+00
    794.744    -1.8910    -1.8908   2.766378   2.766438    6.95429    -0.0415 1.0228e-01   102.9055    34.8272    34.8278    785.000         22 0.0000e+00
    793.729    -1.8908    -1.8905   2.766351   2.766417    6.95298    -0.0362 1.0228e-01   102.9069    34.8272    34.8278    784.000         21 0.0000e+00
    792.715    -1.8906    -1.8904   2.766311   2.766376    6.96269    -0.0386 1.0228e-01   102.8977    34.8271    34.8278    783.000         18 0.0000e+00
    791.701    -1.8906    -1.8904   2.766259   2.766330    6.96294    -0.0408 1.0228e-01   102.8864    34.8270    34.8277    782.000         18 0.0000e+00
    790.686    -1.8905    -1.8903   2.766233   2.766288    6.96163    -0.0408 1.0228e-01   102.8895    34.8272    34.8277    781.000         16 0.0000e+00
    789.672    -1.8906    -1.8902   2.766177   2.766247    6.96003    -0.0408 1.0228e-01   102.8921    34.8270    34.8276    780.000         16 0.0000e+00
    788.658    -1.8905    -1.8902   2.766137   2.766211    6.96109    -0.0408 1.0228e-01   102.8836    34.8270    34.8277    779.000         16 0.0000e+00
    787.643    -1.8904    -1.8902   2.766098   2.766161    6.96150    -0.0408 1.0228e-01   102.8817    34.8270    34.8276    778.000         15 0.0000e+00
    786.629    -1.8904    -1.8902   2.766049   2.766113    6.95966    -0.0419 1.0228e-01   102.8956    34.8269    34.8275    777.000         18 0.0000e+00
    785.615    -1.8905    -1.8903   2.766001   2.766066    6.94977    -0.0431 1.0228e-01   102.8823    34.8270    34.8276    776.000         20 0.0000e+00
    784.600    -1.8906    -1.8903   2.765949   2.766018    6.96098    -0.0417 1.0228e-01   102.8743    34.8271    34.8277    775.000         27 0.0000e+00
    783.586    -1.8907    -1.8904   2.765905   2.765969    6.95878    -0.0353 1.0228e-01   102.8859    34.8271    34.8277    774.000         25 0.0000e+00
    782.572    -1.8906    -1.8903   2.765852   2.765926    6.96705    -0.0409 1.0228e-01   102.8781    34.8269    34.8276    773.000         19 0.0000e+00
    781.558    -1.8906    -1.8903   2.765813   2.765880    6.97289    -0.0408 1.0226e-01   102.8893    34.8270    34.8276    772.000         16 0.0000e+00
    780.543    -1.8906    -1.8904   2.765763   2.765822    6.97740    -0.0419 1.0228e-01   102.8885    34.8269    34.8275    771.000         16 0.0000e+00
    779.529    -1.8906    -1.8903   2.765717   2.765783    6.97289    -0.0420 1.0228e-01   102.8914    34.8269    34.8275    770.000         16 0.0000e+00
    778.515    -1.8907    -1.8904   2.765669   2.765735    6.96545    -0.0364 1.0228e-01   102.8956    34.8270    34.8275    769.000         18 0.0000e+00
    777.501    -1.8907    -1.8904   2.765622   2.765689    6.96109    -0.0379 1.0228e-01   102.8838    34.8270    34.8276    768.000         23 0.0000e+00
    776.486    -1.8908    -1.8904   2.765572   2.765651    6.96499    -0.0412 1.0228e-01   102.8808    34.8270    34.8276    767.000         24 0.0000e+00
    775.472    -1.8907    -1.8905   2.765521   2.765592    6.97734    -0.0426 1.0228e-01   102.8855    34.8268    34.8275    766.000         21 0.0000e+00
