FinalProject/ANA07CCTD76.cnv
* Sea-Bird SBE 9 Data File:
* FileName = C:\data\2017 ANA07C\ANA07CCTD76.hex
* Software Version Seasave V 7.23.2
* Temperature SN = 6019
* Conductivity SN = 4415
* Number of Bytes Per Scan = 37
* Number of Voltage Words = 4
* Number of Scans Averaged by the Deck Unit = 1
* NMEA Latitude = 74 53.56 S
* NMEA Longitude = 165 05.31 E
* NMEA UTC (Time) = Feb 15 2017  15:48:28
* NMEA baud rate = 4800
# nquan = 17                                
# nvalues = 2328                        
# units = specified
# name 0 = scan: Scan Count
# name 1 = timeS: Time, Elapsed [seconds]
# name 2 = latitude: Latitude [deg]
# name 3 = longitude: Longitude [deg]
# name 4 = prDM: Pressure, Digiquartz [db]
# name 5 = t090C: Temperature [ITS-90, deg C]
# name 6 = t190C: Temperature, 2 [ITS-90, deg C]
# name 7 = c0mS/cm: Conductivity [mS/cm]
# name 8 = c1S/m: Conductivity, 2 [S/m]
# name 9 = sbeox0ML/L: Oxygen, SBE 43 [ml/l]
# name 10 = flECO-AFL: Fluorescence, WET Labs ECO-AFL/FL [mg/m^3]
# name 11 = par: PAR/Irradiance, Biospherical/Licor
# name 12 = xmiss: Beam Transmission, Chelsea/Seatech [%]
# name 13 = sal00: Salinity, Practical [PSU]
# name 14 = sal11: Salinity, Practical, 2 [PSU]
# name 15 = depSM: Depth [salt water, m], lat = -74.8927
# name 16 = flag: flag
# span 0 =          1,       2328       
# span 1 =      0.000,     96.958       
# span 2 =  -74.89280,  -74.89266       
# span 3 =  165.08850,  165.08870       
# span 4 =      0.632,     13.456       
# span 5 =    -1.6212,     0.4861       
# span 6 =    -1.6135,     1.1249       
# span 7 =   1.058966,  29.280512       
# span 8 =   1.579307,   3.005418       
# span 9 =     6.4496,     8.5694       
# span 10 =     1.1357,     1.3663      
# span 11 = 1.5370e+00, 2.2016e+01      
# span 12 =    84.7364,    90.8503      
# span 13 =     1.0649,    37.0978      
# span 14 =    18.9458,    37.7112      
# span 15 =      0.625,     13.316      
# span 16 = 0.0000e+00, 0.0000e+00      
# interval = seconds: 0.0416667
# start_time = Feb 15 2017 15:48:28 [NMEA time, header]
# bad_flag = -9.990e-29
*END*
[from data line 1532]
       1533     63.833  -74.89278  165.08868      5.627    -1.6106     0.1103   4.114938   2.871980     7.2467     1.2852 5.5218e+00    90.5582     4.4744    34.4514      5.568 -9.990e-29
       1534     63.875  -74.89278  165.08868      5.632    -1.6106     0.1084   4.179092   2.871802     7.2414     1.2853 5.5136e+00    90.5593     4.5488    34.4512      5.573 -9.990e-29
       1535     63.917  -74.89278  165.08868      5.637    -1.6105     0.1062   4.279449   2.871619     7.2338     1.2856 5.5079e+00    90.5655     4.6653    34.4512      5.578 -9.990e-29
       1536     63.958  -74.89278  165.08868      5.642    -1.6105     0.1040   4.410229   2.871439     7.2228     1.2874 5.5016e+00    90.5750     4.8174    34.4513      5.583 -9.990e-29
       1537     64.000  -74.89278  165.08868      5.647    -1.6105     0.1017   4.565596   2.871270     7.2114     1.2903 5.4888e+00    90.5750     4.9986    34.4517      5.588 -9.990e-29
       1538     64.042  -74.89278  165.08868      5.652    -1.6104     0.0992   4.743002   2.871107     7.2019     1.2921 5.4753e+00    90.5655     5.2060    34.4523      5.593 -9.990e-29
       1539     64.083  -74.89278  165.08868      5.657    -1.6103     0.0963   4.938334   2.870941     7.1926     1.2925 5.4643e+00    90.5594     5.4351    34.4534      5.598 -9.990e-29
       1540     64.125  -74.89278  165.08868      5.663    -1.6103     0.0931   5.139314   2.870775     7.1809     1.2925 5.4500e+00    90.5583     5.6716    34.4548      5.604 -9.990e-29
       1541     64.167  -74.89278  165.08868      5.668    -1.6104     0.0900   5.321967   2.870608     7.1694     1.2925 5.4319e+00    90.5583     5.8873    34.4561      5.609 -9.990e-29
       1542     64.208  -74.89278  165.08868      5.673    -1.6105     0.0869   5.461404   2.870439     7.1601     1.2925 5.4130e+00    90.5594     6.0523    34.4573      5.614 -9.990e-29
       1543     64.250  -74.89278  165.08868      5.679    -1.6105     0.0840   5.544680   2.870281     7.1525     1.2925 5.3935e+00    90.5657     6.1510    34.4585      5.620 -9.990e-29
       1544     64.292  -74.89278  165.08868      5.685    -1.6105     0.0815   5.580496   2.870133     7.1483     1.2925 5.3703e+00    90.5763     6.1935    34.4593      5.626 -9.990e-29
       1545     64.333  -74.89278  165.08868      5.690    -1.6106     0.0792   5.597801   2.869977     7.1450     1.2925 5.3442e+00    90.5825     6.2140    34.4598      5.631 -9.990e-29
       1546     64.375  -74.89278  165.08868      5.694    -1.6106     0.0769   5.622018   2.869810     7.1402     1.2925 5.3220e+00    90.5825     6.2428    34.4602      5.635 -9.990e-29
       1547     64.417  -74.89278  165.08868      5.699    -1.6105     0.0746   5.662167   2.869638     7.1371     1.2925 5.3070e+00    90.5764     6.2904    34.4605      5.640 -9.990e-29
       1548     64.458  -74.89278  165.08868      5.705    -1.6105     0.0723   5.718404   2.869465     7.1351     1.2925 5.2952e+00    90.5657     6.3573    34.4608      5.646 -9.990e-29
       1549     64.500  -74.89278  165.08868      5.713    -1.6106     0.0699   5.780885   2.869306     7.1305     1.2925 5.2768e+00    90.5594     6.4316    34.4614      5.654 -9.990e-29
       1550     64.542  -74.89278  165.08868      5.721    -1.6107     0.0673   5.830410   2.869154     7.1262     1.2925 5.2518e+00    90.5583     6.4906    34.4623      5.662 -9.990e-29
       1551     64.583  -74.89278  165.08868      5.728    -1.6107     0.0646   5.856448   2.869004     7.1227     1.2925 5.2293e+00    90.5581     6.5216    34.4634      5.668 -9.990e-29
       1552     64.625  -74.89278  165.08868      5.734    -1.6108     0.0618   5.868165   2.868876     7.1183     1.2925 5.2104e+00    90.5582     6.5356    34.4648      5.674 -9.990e-29
       1553     64.667  -74.89278  165.08868      5.739    -1.6108     0.0588   5.883574   2.868763     7.1147     1.2925 5.1922e+00    90.5591     6.5539    34.4667      5.679 -9.990e-29
       1554     64.708  -74.89278  165.08868      5.747    -1.6108     0.0556   5.911651   2.868646     7.1120     1.2925 5.1741e+00    90.5643     6.5874    34.4688      5.687 -9.990e-29
       1555     64.750  -74.89278  165.08868      5.755    -1.6109     0.0527   5.946494   2.868522     7.1075     1.2925 5.1561e+00    90.5687     6.6290    34.4704      5.695 -9.990e-29
       1556     64.792  -74.89278  165.08868      5.762    -1.6109     0.0501   5.963324   2.868401     7.1027     1.2925 5.1381e+00    90.5643     6.6491    34.4717      5.702 -9.990e-29
       1557     64.833  -74.89278  165.08868      5.771    -1.6108     0.0481   5.932706   2.868285     7.1036     1.2923 5.1195e+00    90.5592     6.6125    34.4724      5.711 -9.990e-29
       1558     64.875  -74.89278  165.08868      5.780    -1.6108     0.0465   5.850267   2.868176     7.1099     1.2917 5.0975e+00    90.5583     6.5143    34.4728      5.720 -9.990e-29
       1559     64.917  -74.89278  165.08868      5.790    -1.6109     0.0455   5.735351   2.868092     7.1157     1.2878 5.0727e+00    90.5583     6.3775    34.4728      5.730 -9.990e-29
       1560     64.958  -74.89278  165.08868      5.800    -1.6110     0.0446   5.612249   2.868034     7.1200     1.2800 5.0517e+00    90.5596     6.2312    34.4730      5.740 -9.990e-29
       1561     65.000  -74.89278  165.08868      5.810    -1.6110     0.0441   5.491332   2.867984     7.1236     1.2735 5.0377e+00    90.5668     6.0878    34.4729      5.750 -9.990e-29
       1562     65.042  -74.89278  165.08868      5.820    -1.6109     0.0442   5.370064   2.867933     7.1281     1.2710 5.0281e+00    90.5824     5.9442    34.4721      5.759 -9.990e-29
       1563     65.083  -74.89278  165.08868      5.830    -1.6109     0.0449   5.245347   2.867881     7.1340     1.2706 5.0198e+00    90.6162     5.7968    34.4706      5.769 -9.990e-29
       1564     65.125  -74.89278  165.08868      5.840    -1.6109     0.0452   5.114513   2.867824     7.1389     1.2705 5.0145e+00    90.6726     5.6425    34.4695      5.779 -9.990e-29
       1565     65.167  -74.89278  165.08868      5.851    -1.6109     0.0446   4.980777   2.867760     7.1421     1.2705 5.0088e+00    90.7183     5.4851    34.4693      5.790 0.0000e+00
       1566     65.208  -74.89278  165.08868      5.863    -1.6109     0.0437   4.860614   2.867699     7.1455     1.2705 4.9973e+00    90.7292     5.3439    34.4695      5.802 0.0000e+00
       1567     65.250  -74.89278  165.08868      5.876    -1.6109     0.0431   4.781799   2.867646     7.1480     1.2705 4.9859e+00    90.7216     5.2515    34.4695      5.815 0.0000e+00
       1568     65.292  -74.89278  165.08868      5.888    -1.6110     0.0427   4.772658   2.867586     7.1455     1.2705 4.9800e+00    90.7159     5.2408    34.4692      5.827 0.0000e+00
       1569     65.333  -74.89278  165.08868      5.902    -1.6110     0.0425   4.854981   2.867503     7.1364     1.2705 4.9742e+00    90.7149     5.3374    34.4683      5.841 0.0000e+00
       1570     65.375  -74.89278  165.08868      5.916    -1.6110     0.0430   5.033597   2.867403     7.1229     1.2705 4.9628e+00    90.7146     5.5472    34.4664      5.854 0.0000e+00
       1571     65.417  -74.89278  165.08868      5.931    -1.6109     0.0441   5.289957   2.867289     7.1052     1.2705 4.9515e+00    90.7146     5.8495    34.4636      5.869 0.0000e+00
       1572     65.458  -74.89278  165.08868      5.945    -1.6108     0.0456   5.600026   2.867161     7.0849     1.2705 4.9466e+00    90.7146     6.2167    34.4602      5.883 0.0000e+00
       1573     65.500  -74.89278  165.08868      5.959    -1.6109     0.0468   5.947849   2.867032     7.0636     1.2705 4.9457e+00    90.7148     6.6306    34.4571      5.897 0.0000e+00
       1574     65.542  -74.89278  165.08868      5.974    -1.6111     0.0475   6.301118   2.866904     7.0404     1.2705 4.9454e+00    90.7157     7.0530    34.4546      5.912 0.0000e+00
       1575     65.583  -74.89278  165.08868      5.991    -1.6115     0.0474   6.613603   2.866777     7.0181     1.2705 4.9446e+00    90.7209     7.4284    34.4531      5.929 0.0000e+00
       1576     65.625  -74.89278  165.08868      6.007    -1.6119     0.0463   6.877626   2.866648     7.0002     1.2705 4.9402e+00    90.7253     7.7467    34.4526      5.945 0.0000e+00
       1577     65.667  -74.89278  165.08868      6.022    -1.6121     0.0442   7.125740   2.866500     6.9846     1.2705 4.9322e+00    90.7209     8.0468    34.4530      5.959 0.0000e+00
       1578     65.708  -74.89278  165.08868      6.038    -1.6122     0.0411   7.371571   2.866319     6.9678     1.2705 4.9224e+00    90.7157     8.3450    34.4541      5.975 0.0000e+00
       1579     65.750  -74.89278  165.08868      6.055    -1.6122     0.0374   7.660825   2.866117     6.9469     1.2705 4.9062e+00    90.7148     8.6968    34.4555      5.992 0.0000e+00
       1580     65.792  -74.89278  165.08868      6.073    -1.6122     0.0332   8.217368   2.865908     6.9096     1.2705 4.8871e+00    90.7146     9.3770    34.4575      6.010 0.0000e+00
       1581     65.833  -74.89278  165.08868      6.091    -1.6123     0.0286   9.036784   2.865699     6.8572     1.2705 4.8733e+00    90.7146    10.3858    34.4599      6.028 0.0000e+00
       1582     65.875  -74.89278  165.08868      6.108    -1.6125     0.0237   9.504213   2.865493     6.8256     1.2705 4.8605e+00    90.7148    10.9649    34.4627      6.044 0.0000e+00
       1583     65.917  -74.89278  165.08868      6.126    -1.6128     0.0182   9.157923   2.865295     6.8415     1.2705 4.8483e+00    90.7158    10.5358    34.4662      6.062 0.0000e+00
       1584     65.958  -74.89278  165.08868      6.144    -1.6132     0.0118   8.388455   2.865099     6.8840     1.2705 4.8385e+00    90.7211     9.5872    34.4708      6.080 0.0000e+00
       1585     66.000  -74.89278  165.08868      6.161    -1.6135     0.0048   7.968086   2.864896     6.9065     1.2705 4.8258e+00    90.7265     9.0722    34.4760      6.097 0.0000e+00
       1586     66.042  -74.89278  165.08868      6.179    -1.6137    -0.0028   8.323053   2.864672     6.8813     1.2705 4.8098e+00    90.7274     9.5071    34.4816      6.115 0.0000e+00
       1587     66.083  -74.89278  165.08868      6.198    -1.6137    -0.0107   9.188150   2.864434     6.8249     1.2705 4.7933e+00    90.7276    10.5735    34.4874      6.134 0.0000e+00
       1588     66.125  -74.89278  165.08868      6.217    -1.6138    -0.0187   9.703868   2.864196     6.7913     1.2705 4.7768e+00    90.7276    11.2135    34.4932      6.152 0.0000e+00
       1589     66.167  -74.89278  165.08868      6.237    -1.6140    -0.0267   9.251265   2.863963     6.8175     1.2705 4.7608e+00    90.7278    10.6517    34.4992      6.172 0.0000e+00
       1590     66.208  -74.89278  165.08868      6.255    -1.6140    -0.0344   8.064893   2.863733     6.8878     1.2705 4.7475e+00    90.7288     9.1908    34.5048      6.190 0.0000e+00
       1591     66.250  -74.89278  165.08868      6.272    -1.6140    -0.0416   6.772531   2.863500     6.9627     1.2705 4.7339e+00    90.7341     7.6204    34.5098      6.207 0.0000e+00
       1592     66.292  -74.89278  165.08868      6.289    -1.6140    -0.0486   5.741082   2.863255     7.0198     1.2705 4.7155e+00    90.7393     6.3849    34.5145      6.224 0.0000e+00
       1593     66.333  -74.89278  165.08868      6.307    -1.6140    -0.0556   4.987758   2.863000     7.0594     1.2705 4.6997e+00    90.7391     5.4938    34.5190      6.241 0.0000e+00
       1594     66.375  -74.89278  165.08868      6.326    -1.6139    -0.0629   4.427486   2.862733     7.0875     1.2705 4.6886e+00    90.7330     4.8380    34.5237      6.260 0.0000e+00
       1595     66.417  -74.89278  165.08868      6.346    -1.6138    -0.0703   4.002587   2.862454     7.1102     1.2705 4.6717e+00    90.7223     4.3449    34.5283      6.280 0.0000e+00
       1596     66.458  -74.89278  165.08868      6.365    -1.6138    -0.0778   3.677217   2.862168     7.1293     1.2705 4.6464e+00    90.7160     3.9700    34.5330      6.299 0.0000e+00
       1597     66.500  -74.89278  165.08868      6.385    -1.6137    -0.0855   3.425726   2.861866     7.1422     1.2705 4.6237e+00    90.7151     3.6819    34.5377      6.319 0.0000e+00
       1598     66.542  -74.89278  165.08868      6.404    -1.6136    -0.0936   3.229051   2.861539     7.1500     1.2705 4.6096e+00    90.7160     3.4578    34.5425      6.337 0.0000e+00
       1599     66.583  -74.89278  165.08868      6.422    -1.6134    -0.1016   3.073503   2.861199     7.1546     1.2705 4.5961e+00    90.7220     3.2812    34.5470      6.355 0.0000e+00
       1600     66.625  -74.89278  165.08868      6.440    -1.6130    -0.1095   2.948713   2.860854     7.1570     1.2705 4.5776e+00    90.7313     3.1399    34.5514      6.373 0.0000e+00
       1601     66.667  -74.89278  165.08868      6.457    -1.6123    -0.1171   2.846438   2.860504     7.1577     1.2705 4.5592e+00    90.7300     3.0245    34.5553      6.390 0.0000e+00
       1602     66.708  -74.89278  165.08868      6.476    -1.6110    -0.1244   2.760515   2.860163     7.1588     1.2705 4.5467e+00    90.7130     2.9276    34.5590      6.409 0.0000e+00
       1603     66.750  -74.89278  165.08868      6.494    -1.6088    -0.1308   2.687229   2.859835     7.1612     1.2704 4.5379e+00    90.6656     2.8451    34.5619      6.426 0.0000e+00
       1604     66.792  -74.89278  165.08868      6.512    -1.6064    -0.1360   2.624725   2.859510     7.1637     1.2699 4.5292e+00    90.5814     2.7748    34.5634      6.444 0.0000e+00
       1605     66.833  -74.89278  165.08868      6.529    -1.6042    -0.1401   2.571897   2.859199     7.1655     1.2671 4.5174e+00    90.5112     2.7155    34.5639      6.461 0.0000e+00
       1606     66.875  -74.89278  165.08868      6.546    -1.6023    -0.1435   2.527701   2.858910     7.1659     1.2585 4.5024e+00    90.4854     2.6660    34.5639      6.478 0.0000e+00
       1607     66.917  -74.89278  165.08868      6.563    -1.6009    -0.1464   2.491085   2.858636     7.1647     1.2459 4.4868e+00    90.4807     2.6250    34.5635      6.495 0.0000e+00
       1608     66.958  -74.89278  165.08868      6.579    -1.5998    -0.1487   2.461089   2.858365     7.1626     1.2373 4.4705e+00    90.4799     2.5914    34.5625      6.511 0.0000e+00
       1609     67.000  -74.89278  165.08868      6.595    -1.5989    -0.1506   2.436967   2.858091     7.1599     1.2345 4.4507e+00    90.4797     2.5645    34.5610      6.526 0.0000e+00
       1610     67.042  -74.89278  165.08868      6.612    -1.5980    -0.1522   2.418398   2.857817     7.1577     1.2340 4.4259e+00    90.4797     2.5437    34.5592      6.543 0.0000e+00
       1611     67.083  -74.89278  165.08868      6.630    -1.5968    -0.1534   2.405511   2.857554     7.1552     1.2339 4.4043e+00    90.4795     2.5293    34.5570      6.561 0.0000e+00
       1612     67.125  -74.89278  165.08868      6.646    -1.5955    -0.1543   2.398794   2.857298     7.1511     1.2339 4.3916e+00    90.4786     2.5217    34.5546      6.577 0.0000e+00
       1613     67.167  -74.89278  165.08868      6.661    -1.5942    -0.1551   2.399211   2.857033     7.1463     1.2339 4.3829e+00    90.4734     2.5220    34.5520      6.592 0.0000e+00
       1614     67.208  -74.89278  165.08868      6.677    -1.5927    -0.1562   2.407199   2.856761     7.1423     1.2339 4.3745e+00    90.4690     2.5308    34.5496      6.608 0.0000e+00
       1615     67.250  -74.89278  165.08868      6.691    -1.5913    -0.1578   2.421604   2.856487     7.1397     1.2339 4.3632e+00    90.4734     2.5467    34.5477      6.621 0.0000e+00
       1616     67.292  -74.89278  165.08868      6.704    -1.5903    -0.1598   2.440254   2.856210     7.1364     1.2339 4.3493e+00    90.4786     2.5674    34.5463      6.634 0.0000e+00
       1617     67.333  -74.89278  165.08868      6.717    -1.5901    -0.1623   2.460566   2.855925     7.1330     1.2339 4.3374e+00    90.4795     2.5900    34.5453      6.647 0.0000e+00
